Input Number, Run_Number, Result@ 100, X1, X2, Y, Reaction1, Reaction2
INVAR-1, Run: 001, F, 20, 0, 12, 18, 6
INVAR-1, Run: 002, F, 20, 0, 12, 18, 6
INVAR-1, Run: 003, F, 21, 0, 10, 17, 7
INVAR-1, Run: 004, F, 19, 0, 14, 19, 5
INVAR-1, Run: 005, F, 21, 0, 10, 17, 7
INVAR-1, Run: 006, F, 18, 0, 16, 20, 4
INVAR-1, Run: 007, F, 17, 0, 18, 21, 3
INVAR-1, Run: 008, F, 16, 0, 20, 22, 2
INVAR-1, Run: 009, F, 20, 0, 12, 18, 6
INVAR-1, Run: 010, F, 20, 0, 12, 18, 6
INVAR-1, Run: 011, F, 19, 0, 14, 19, 5
INVAR-1, Run: 012, F, 19, 0, 14, 19, 5
INVAR-1, Run: 013, F, 18, 0, 16, 20, 4
INVAR-1, Run: 014, F, 18, 0, 16, 20, 4
INVAR-1, Run: 015, F, 21, 0, 10, 17, 7
INVAR-1, Run: 016, F, 19, 0, 14, 19, 5
INVAR-1, Run: 017, F, 22, 0, 8, 16, 8
INVAR-1, Run: 018, F, 21, 0, 10, 17, 7
INVAR-1, Run: 019, F, 21, 0, 10, 17, 7
INVAR-1, Run: 020, F, 18, 0, 16, 20, 4
INVAR-1, Run: 021, F, 19, 0, 14, 19, 5
INVAR-1, Run: 022, F, 20, 0, 12, 18, 6
INVAR-1, Run: 023, F, 18, 0, 16, 20, 4
INVAR-1, Run: 024, F, 18, 0, 16, 20, 4
INVAR-1, Run: 025, F, 19, 0, 14, 19, 5
INVAR-1, Run: 026, F, 20, 0, 12, 18, 6
INVAR-1, Run: 027, F, 18, 0, 16, 20, 4
INVAR-1, Run: 028, F, 20, 0, 12, 18, 6
INVAR-1, Run: 029, F, 19, 0, 14, 19, 5
INVAR-1, Run: 030, F, 18, 0, 16, 20, 4
INVAR-1, Run: 031, F, 20, 0, 12, 18, 6
INVAR-1, Run: 032, F, 20, 0, 12, 18, 6
INVAR-1, Run: 033, F, 20, 0, 12, 18, 6
INVAR-1, Run: 034, F, 19, 0, 14, 19, 5
INVAR-1, Run: 035, F, 20, 0, 12, 18, 6
INVAR-1, Run: 036, F, 18, 0, 16, 20, 4
INVAR-1, Run: 037, F, 18, 0, 16, 20, 4
INVAR-1, Run: 038, F, 19, 0, 14, 19, 5
INVAR-1, Run: 039, F, 18, 0, 16, 20, 4
INVAR-1, Run: 040, F, 19, 0, 14, 19, 5
INVAR-1, Run: 041, F, 19, 0, 14, 19, 5
INVAR-1, Run: 042, F, 17, 0, 18, 21, 3
INVAR-1, Run: 043, F, 21, 0, 10, 17, 7
INVAR-1, Run: 044, F, 18, 0, 16, 20, 4
INVAR-1, Run: 045, F, 17, 0, 18, 21, 3
INVAR-1, Run: 046, F, 19, 0, 14, 19, 5
INVAR-1, Run: 047, F, 18, 0, 16, 20, 4
INVAR-1, Run: 048, F, 20, 0, 12, 18, 6
INVAR-1, Run: 049, F, 19, 0, 14, 19, 5
INVAR-1, Run: 050, F, 20, 0, 12, 18, 6
INVAR-1, Run: 051, F, 21, 0, 10, 17, 7
INVAR-1, Run: 052, F, 19, 0, 14, 19, 5
INVAR-1, Run: 053, F, 17, 0, 18, 21, 3
INVAR-1, Run: 054, F, 20, 0, 12, 18, 6
INVAR-1, Run: 055, F, 20, 0, 12, 18, 6
INVAR-1, Run: 056, F, 20, 0, 12, 18, 6
INVAR-1, Run: 057, F, 19, 0, 14, 19, 5
INVAR-1, Run: 058, F, 19, 0, 14, 19, 5
INVAR-1, Run: 059, F, 18, 0, 16, 20, 4
INVAR-1, Run: 060, F, 21, 0, 10, 17, 7
INVAR-1, Run: 061, F, 19, 0, 14, 19, 5
INVAR-1, Run: 062, F, 20, 0, 12, 18, 6
INVAR-1, Run: 063, F, 17, 0, 18, 21, 3
INVAR-1, Run: 064, F, 20, 0, 12, 18, 6
INVAR-1, Run: 065, F, 19, 0, 14, 19, 5
INVAR-1, Run: 066, F, 21, 0, 10, 17, 7
INVAR-1, Run: 067, F, 18, 0, 16, 20, 4
INVAR-1, Run: 068, F, 20, 0, 12, 18, 6
INVAR-1, Run: 069, F, 19, 0, 14, 19, 5
INVAR-1, Run: 070, F, 21, 0, 10, 17, 7
INVAR-1, Run: 071, F, 19, 0, 14, 19, 5
INVAR-1, Run: 072, F, 20, 0, 12, 18, 6
INVAR-1, Run: 073, F, 18, 0, 16, 20, 4
INVAR-1, Run: 074, F, 20, 0, 12, 18, 6
INVAR-1, Run: 075, F, 20, 0, 12, 18, 6
INVAR-1, Run: 076, F, 17, 0, 18, 21, 3
INVAR-1, Run: 077, F, 18, 0, 16, 20, 4
INVAR-1, Run: 078, F, 18, 0, 16, 20, 4
INVAR-1, Run: 079, F, 20, 0, 12, 18, 6
INVAR-1, Run: 080, F, 23, 0, 6, 15, 9
INVAR-1, Run: 081, F, 18, 0, 16, 20, 4
INVAR-1, Run: 082, F, 17, 0, 18, 21, 3
INVAR-1, Run: 083, F, 19, 0, 14, 19, 5
INVAR-1, Run: 084, F, 20, 0, 12, 18, 6
INVAR-1, Run: 085, F, 18, 0, 16, 20, 4
INVAR-1, Run: 086, F, 18, 0, 16, 20, 4
INVAR-1, Run: 087, F, 20, 0, 12, 18, 6
INVAR-1, Run: 088, F, 22, 0, 8, 16, 8
INVAR-1, Run: 089, F, 18, 0, 16, 20, 4
INVAR-1, Run: 090, F, 21, 0, 10, 17, 7
INVAR-1, Run: 091, F, 19, 0, 14, 19, 5
INVAR-1, Run: 092, F, 19, 0, 14, 19, 5
INVAR-1, Run: 093, F, 22, 0, 8, 16, 8
INVAR-1, Run: 094, F, 21, 0, 10, 17, 7
INVAR-1, Run: 095, F, 17, 0, 18, 21, 3
INVAR-1, Run: 096, F, 22, 0, 8, 16, 8
INVAR-1, Run: 097, F, 21, 0, 10, 17, 7
INVAR-1, Run: 098, F, 21, 0, 10, 17, 7
INVAR-1, Run: 099, F, 19, 0, 14, 19, 5
INVAR-1, Run: 100, F, 18, 0, 16, 20, 4
INVAR-10, Run: 001, F, 21, 0, 16, 29, 13
INVAR-10, Run: 002, F, 18, 0, 22, 32, 10
INVAR-10, Run: 003, F, 19, 0, 20, 31, 11
INVAR-10, Run: 004, F, 18, 0, 22, 32, 10
INVAR-10, Run: 005, F, 19, 0, 20, 31, 11
INVAR-10, Run: 006, F, 22, 0, 14, 28, 14
INVAR-10, Run: 007, F, 20, 0, 18, 30, 12
INVAR-10, Run: 008, F, 19, 0, 20, 31, 11
INVAR-10, Run: 009, F, 20, 0, 18, 30, 12
INVAR-10, Run: 010, F, 22, 0, 14, 28, 14
INVAR-10, Run: 011, F, 19, 0, 20, 31, 11
INVAR-10, Run: 012, F, 18, 0, 22, 32, 10
INVAR-10, Run: 013, F, 21, 0, 16, 29, 13
INVAR-10, Run: 014, F, 21, 0, 16, 29, 13
INVAR-10, Run: 015, F, 20, 0, 18, 30, 12
INVAR-10, Run: 016, F, 22, 0, 14, 28, 14
INVAR-10, Run: 017, F, 19, 0, 20, 31, 11
INVAR-10, Run: 018, F, 20, 0, 18, 30, 12
INVAR-10, Run: 019, F, 21, 0, 16, 29, 13
INVAR-10, Run: 020, F, 21, 0, 16, 29, 13
INVAR-10, Run: 021, F, 17, 0, 24, 33, 9
INVAR-10, Run: 022, F, 19, 0, 20, 31, 11
INVAR-10, Run: 023, F, 21, 0, 16, 29, 13
INVAR-10, Run: 024, F, 20, 0, 18, 30, 12
INVAR-10, Run: 025, F, 20, 0, 18, 30, 12
INVAR-10, Run: 026, F, 18, 0, 22, 32, 10
INVAR-10, Run: 027, F, 19, 0, 20, 31, 11
INVAR-10, Run: 028, F, 21, 0, 16, 29, 13
INVAR-10, Run: 029, F, 21, 0, 16, 29, 13
INVAR-10, Run: 030, F, 21, 0, 16, 29, 13
INVAR-10, Run: 031, F, 20, 0, 18, 30, 12
INVAR-10, Run: 032, F, 18, 0, 22, 32, 10
INVAR-10, Run: 033, F, 20, 0, 18, 30, 12
INVAR-10, Run: 034, F, 19, 0, 20, 31, 11
INVAR-10, Run: 035, F, 19, 0, 20, 31, 11
INVAR-10, Run: 036, F, 17, 0, 24, 33, 9
INVAR-10, Run: 037, F, 21, 0, 16, 29, 13
INVAR-10, Run: 038, F, 21, 0, 16, 29, 13
INVAR-10, Run: 039, F, 18, 0, 22, 32, 10
INVAR-10, Run: 040, F, 19, 0, 20, 31, 11
INVAR-10, Run: 041, F, 21, 0, 16, 29, 13
INVAR-10, Run: 042, F, 22, 0, 14, 28, 14
INVAR-10, Run: 043, F, 22, 0, 14, 28, 14
INVAR-10, Run: 044, F, 18, 0, 22, 32, 10
INVAR-10, Run: 045, F, 21, 0, 16, 29, 13
INVAR-10, Run: 046, F, 20, 0, 18, 30, 12
INVAR-10, Run: 047, F, 22, 0, 14, 28, 14
INVAR-10, Run: 048, F, 20, 0, 18, 30, 12
INVAR-10, Run: 049, F, 17, 0, 24, 33, 9
INVAR-10, Run: 050, F, 19, 0, 20, 31, 11
INVAR-10, Run: 051, F, 18, 0, 22, 32, 10
INVAR-10, Run: 052, F, 19, 0, 20, 31, 11
INVAR-10, Run: 053, F, 21, 0, 16, 29, 13
INVAR-10, Run: 054, F, 20, 0, 18, 30, 12
INVAR-10, Run: 055, F, 19, 0, 20, 31, 11
INVAR-10, Run: 056, F, 16, 0, 26, 34, 8
INVAR-10, Run: 057, F, 19, 0, 20, 31, 11
INVAR-10, Run: 058, F, 20, 0, 18, 30, 12
INVAR-10, Run: 059, F, 19, 0, 20, 31, 11
INVAR-10, Run: 060, F, 22, 0, 14, 28, 14
INVAR-10, Run: 061, F, 17, 0, 24, 33, 9
INVAR-10, Run: 062, F, 17, 0, 24, 33, 9
INVAR-10, Run: 063, F, 21, 0, 16, 29, 13
INVAR-10, Run: 064, F, 18, 0, 22, 32, 10
INVAR-10, Run: 065, F, 19, 0, 20, 31, 11
INVAR-10, Run: 066, F, 20, 0, 18, 30, 12
INVAR-10, Run: 067, F, 20, 0, 18, 30, 12
INVAR-10, Run: 068, F, 19, 0, 20, 31, 11
INVAR-10, Run: 069, F, 20, 0, 18, 30, 12
INVAR-10, Run: 070, F, 19, 0, 20, 31, 11
INVAR-10, Run: 071, F, 20, 0, 18, 30, 12
INVAR-10, Run: 072, F, 21, 0, 16, 29, 13
INVAR-10, Run: 073, F, 19, 0, 20, 31, 11
INVAR-10, Run: 074, F, 19, 0, 20, 31, 11
INVAR-10, Run: 075, F, 18, 0, 22, 32, 10
INVAR-10, Run: 076, F, 19, 0, 20, 31, 11
INVAR-10, Run: 077, F, 18, 0, 22, 32, 10
INVAR-10, Run: 078, F, 18, 0, 22, 32, 10
INVAR-10, Run: 079, F, 19, 0, 20, 31, 11
INVAR-10, Run: 080, F, 23, 0, 12, 27, 15
INVAR-10, Run: 081, F, 21, 0, 16, 29, 13
INVAR-10, Run: 082, F, 18, 0, 22, 32, 10
INVAR-10, Run: 083, F, 23, 0, 12, 27, 15
INVAR-10, Run: 084, F, 18, 0, 22, 32, 10
INVAR-10, Run: 085, F, 19, 0, 20, 31, 11
INVAR-10, Run: 086, F, 20, 0, 18, 30, 12
INVAR-10, Run: 087, F, 18, 0, 22, 32, 10
INVAR-10, Run: 088, F, 20, 0, 18, 30, 12
INVAR-10, Run: 089, F, 22, 0, 14, 28, 14
INVAR-10, Run: 090, F, 19, 0, 20, 31, 11
INVAR-10, Run: 091, F, 23, 0, 12, 27, 15
INVAR-10, Run: 092, F, 20, 0, 18, 30, 12
INVAR-10, Run: 093, F, 19, 0, 20, 31, 11
INVAR-10, Run: 094, F, 18, 0, 22, 32, 10
INVAR-10, Run: 095, F, 20, 0, 18, 30, 12
INVAR-10, Run: 096, F, 18, 0, 22, 32, 10
INVAR-10, Run: 097, F, 20, 0, 18, 30, 12
INVAR-10, Run: 098, F, 16, 0, 26, 34, 8
INVAR-10, Run: 099, F, 18, 0, 22, 32, 10
INVAR-10, Run: 100, F, 19, 0, 20, 31, 11
INVAR-11, Run: 001, F, 54, 0, 34, 46, 12
INVAR-11, Run: 002, F, 56, 0, 30, 44, 14
INVAR-11, Run: 003, F, 52, 0, 38, 48, 10
INVAR-11, Run: 004, F, 56, 0, 30, 44, 14
INVAR-11, Run: 005, F, 54, 0, 34, 46, 12
INVAR-11, Run: 006, F, 55, 0, 32, 45, 13
INVAR-11, Run: 007, F, 52, 0, 38, 48, 10
INVAR-11, Run: 008, F, 58, 0, 26, 42, 16
INVAR-11, Run: 009, F, 54, 0, 34, 46, 12
INVAR-11, Run: 010, F, 55, 0, 32, 45, 13
INVAR-11, Run: 011, F, 54, 0, 34, 46, 12
INVAR-11, Run: 012, F, 54, 0, 34, 46, 12
INVAR-11, Run: 013, F, 54, 0, 34, 46, 12
INVAR-11, Run: 014, F, 54, 0, 34, 46, 12
INVAR-11, Run: 015, F, 54, 0, 34, 46, 12
INVAR-11, Run: 016, F, 52, 0, 38, 48, 10
INVAR-11, Run: 017, F, 53, 0, 36, 47, 11
INVAR-11, Run: 018, F, 53, 0, 36, 47, 11
INVAR-11, Run: 019, F, 53, 0, 36, 47, 11
INVAR-11, Run: 020, F, 57, 0, 28, 43, 15
INVAR-11, Run: 021, F, 55, 0, 32, 45, 13
INVAR-11, Run: 022, F, 54, 0, 34, 46, 12
INVAR-11, Run: 023, F, 55, 0, 32, 45, 13
INVAR-11, Run: 024, F, 55, 0, 32, 45, 13
INVAR-11, Run: 025, F, 53, 0, 36, 47, 11
INVAR-11, Run: 026, F, 56, 0, 30, 44, 14
INVAR-11, Run: 027, F, 52, 0, 38, 48, 10
INVAR-11, Run: 028, F, 55, 0, 32, 45, 13
INVAR-11, Run: 029, F, 54, 0, 34, 46, 12
INVAR-11, Run: 030, F, 52, 0, 38, 48, 10
INVAR-11, Run: 031, F, 53, 0, 36, 47, 11
INVAR-11, Run: 032, F, 51, 0, 40, 49, 9
INVAR-11, Run: 033, F, 53, 0, 36, 47, 11
INVAR-11, Run: 034, F, 50, 0, 42, 50, 8
INVAR-11, Run: 035, F, 56, 0, 30, 44, 14
INVAR-11, Run: 036, F, 56, 0, 30, 44, 14
INVAR-11, Run: 037, F, 55, 0, 32, 45, 13
INVAR-11, Run: 038, F, 57, 0, 28, 43, 15
INVAR-11, Run: 039, F, 55, 0, 32, 45, 13
INVAR-11, Run: 040, F, 57, 0, 28, 43, 15
INVAR-11, Run: 041, F, 53, 0, 36, 47, 11
INVAR-11, Run: 042, F, 56, 0, 30, 44, 14
INVAR-11, Run: 043, F, 54, 0, 34, 46, 12
INVAR-11, Run: 044, F, 51, 0, 40, 49, 9
INVAR-11, Run: 045, F, 54, 0, 34, 46, 12
INVAR-11, Run: 046, F, 53, 0, 36, 47, 11
INVAR-11, Run: 047, F, 58, 0, 26, 42, 16
INVAR-11, Run: 048, F, 56, 0, 30, 44, 14
INVAR-11, Run: 049, F, 58, 0, 26, 42, 16
INVAR-11, Run: 050, F, 54, 0, 34, 46, 12
INVAR-11, Run: 051, F, 55, 0, 32, 45, 13
INVAR-11, Run: 052, F, 55, 0, 32, 45, 13
INVAR-11, Run: 053, F, 55, 0, 32, 45, 13
INVAR-11, Run: 054, F, 55, 0, 32, 45, 13
INVAR-11, Run: 055, F, 57, 0, 28, 43, 15
INVAR-11, Run: 056, F, 54, 0, 34, 46, 12
INVAR-11, Run: 057, F, 56, 0, 30, 44, 14
INVAR-11, Run: 058, F, 52, 0, 38, 48, 10
INVAR-11, Run: 059, F, 56, 0, 30, 44, 14
INVAR-11, Run: 060, F, 56, 0, 30, 44, 14
INVAR-11, Run: 061, F, 50, 0, 42, 50, 8
INVAR-11, Run: 062, F, 52, 0, 38, 48, 10
INVAR-11, Run: 063, F, 53, 0, 36, 47, 11
INVAR-11, Run: 064, F, 50, 0, 42, 50, 8
INVAR-11, Run: 065, F, 54, 0, 34, 46, 12
INVAR-11, Run: 066, F, 57, 0, 28, 43, 15
INVAR-11, Run: 067, F, 57, 0, 28, 43, 15
INVAR-11, Run: 068, F, 58, 0, 26, 42, 16
INVAR-11, Run: 069, F, 52, 0, 38, 48, 10
INVAR-11, Run: 070, F, 54, 0, 34, 46, 12
INVAR-11, Run: 071, F, 54, 0, 34, 46, 12
INVAR-11, Run: 072, F, 55, 0, 32, 45, 13
INVAR-11, Run: 073, F, 57, 0, 28, 43, 15
INVAR-11, Run: 074, F, 55, 0, 32, 45, 13
INVAR-11, Run: 075, F, 55, 0, 32, 45, 13
INVAR-11, Run: 076, F, 56, 0, 30, 44, 14
INVAR-11, Run: 077, F, 55, 0, 32, 45, 13
INVAR-11, Run: 078, F, 55, 0, 32, 45, 13
INVAR-11, Run: 079, F, 56, 0, 30, 44, 14
INVAR-11, Run: 080, F, 55, 0, 32, 45, 13
INVAR-11, Run: 081, F, 56, 0, 30, 44, 14
INVAR-11, Run: 082, F, 56, 0, 30, 44, 14
INVAR-11, Run: 083, F, 55, 0, 32, 45, 13
INVAR-11, Run: 084, F, 54, 0, 34, 46, 12
INVAR-11, Run: 085, F, 56, 0, 30, 44, 14
INVAR-11, Run: 086, F, 54, 0, 34, 46, 12
INVAR-11, Run: 087, F, 56, 0, 30, 44, 14
INVAR-11, Run: 088, F, 55, 0, 32, 45, 13
INVAR-11, Run: 089, F, 51, 0, 40, 49, 9
INVAR-11, Run: 090, F, 54, 0, 34, 46, 12
INVAR-11, Run: 091, F, 53, 0, 36, 47, 11
INVAR-11, Run: 092, F, 53, 0, 36, 47, 11
INVAR-11, Run: 093, F, 55, 0, 32, 45, 13
INVAR-11, Run: 094, F, 53, 0, 36, 47, 11
INVAR-11, Run: 095, F, 54, 0, 34, 46, 12
INVAR-11, Run: 096, F, 57, 0, 28, 43, 15
INVAR-11, Run: 097, F, 54, 0, 34, 46, 12
INVAR-11, Run: 098, F, 54, 0, 34, 46, 12
INVAR-11, Run: 099, F, 54, 0, 34, 46, 12
INVAR-11, Run: 100, F, 56, 0, 30, 44, 14
INVAR-12, Run: 001, F, 93, 0, 84, 107, 23
INVAR-12, Run: 002, F, 104, 0, 62, 96, 34
INVAR-12, Run: 003, F, 98, 0, 74, 102, 28
INVAR-12, Run: 004, F, 102, 0, 66, 98, 32
INVAR-12, Run: 005, F, 105, 0, 60, 95, 35
INVAR-12, Run: 006, F, 101, 0, 68, 99, 31
INVAR-12, Run: 007, F, 102, 0, 66, 98, 32
INVAR-12, Run: 008, F, 95, 0, 80, 105, 25
INVAR-12, Run: 009, F, 104, 0, 62, 96, 34
INVAR-12, Run: 010, F, 100, 0, 70, 100, 30
INVAR-12, Run: 011, F, 99, 0, 72, 101, 29
INVAR-12, Run: 012, F, 104, 0, 62, 96, 34
INVAR-12, Run: 013, F, 102, 0, 66, 98, 32
INVAR-12, Run: 014, F, 101, 0, 68, 99, 31
INVAR-12, Run: 015, F, 98, 0, 74, 102, 28
INVAR-12, Run: 016, F, 104, 0, 62, 96, 34
INVAR-12, Run: 017, F, 106, 0, 58, 94, 36
INVAR-12, Run: 018, F, 99, 0, 72, 101, 29
INVAR-12, Run: 019, F, 99, 0, 72, 101, 29
INVAR-12, Run: 020, F, 95, 0, 80, 105, 25
INVAR-12, Run: 021, F, 97, 0, 76, 103, 27
INVAR-12, Run: 022, F, 96, 0, 78, 104, 26
INVAR-12, Run: 023, F, 101, 0, 68, 99, 31
INVAR-12, Run: 024, F, 103, 0, 64, 97, 33
INVAR-12, Run: 025, F, 99, 0, 72, 101, 29
INVAR-12, Run: 026, F, 95, 0, 80, 105, 25
INVAR-12, Run: 027, F, 100, 0, 70, 100, 30
INVAR-12, Run: 028, F, 99, 0, 72, 101, 29
INVAR-12, Run: 029, F, 96, 0, 78, 104, 26
INVAR-12, Run: 030, F, 99, 0, 72, 101, 29
INVAR-12, Run: 031, F, 99, 0, 72, 101, 29
INVAR-12, Run: 032, F, 97, 0, 76, 103, 27
INVAR-12, Run: 033, F, 103, 0, 64, 97, 33
INVAR-12, Run: 034, F, 103, 0, 64, 97, 33
INVAR-12, Run: 035, F, 99, 0, 72, 101, 29
INVAR-12, Run: 036, F, 104, 0, 62, 96, 34
INVAR-12, Run: 037, F, 94, 0, 82, 106, 24
INVAR-12, Run: 038, F, 97, 0, 76, 103, 27
INVAR-12, Run: 039, F, 104, 0, 62, 96, 34
INVAR-12, Run: 040, F, 90, 0, 90, 110, 20
INVAR-12, Run: 041, F, 95, 0, 80, 105, 25
INVAR-12, Run: 042, F, 95, 0, 80, 105, 25
INVAR-12, Run: 043, F, 100, 0, 70, 100, 30
INVAR-12, Run: 044, F, 100, 0, 70, 100, 30
INVAR-12, Run: 045, F, 103, 0, 64, 97, 33
INVAR-12, Run: 046, F, 102, 0, 66, 98, 32
INVAR-12, Run: 047, F, 107, 0, 56, 93, 37
INVAR-12, Run: 048, F, 100, 0, 70, 100, 30
INVAR-12, Run: 049, F, 96, 0, 78, 104, 26
INVAR-12, Run: 050, F, 103, 0, 64, 97, 33
INVAR-12, Run: 051, F, 102, 0, 66, 98, 32
INVAR-12, Run: 052, F, 103, 0, 64, 97, 33
INVAR-12, Run: 053, F, 100, 0, 70, 100, 30
INVAR-12, Run: 054, F, 99, 0, 72, 101, 29
INVAR-12, Run: 055, F, 99, 0, 72, 101, 29
INVAR-12, Run: 056, F, 101, 0, 68, 99, 31
INVAR-12, Run: 057, F, 108, 0, 54, 92, 38
INVAR-12, Run: 058, F, 100, 0, 70, 100, 30
INVAR-12, Run: 059, F, 101, 0, 68, 99, 31
INVAR-12, Run: 060, F, 104, 0, 62, 96, 34
INVAR-12, Run: 061, F, 106, 0, 58, 94, 36
INVAR-12, Run: 062, F, 102, 0, 66, 98, 32
INVAR-12, Run: 063, F, 102, 0, 66, 98, 32
INVAR-12, Run: 064, F, 100, 0, 70, 100, 30
INVAR-12, Run: 065, F, 99, 0, 72, 101, 29
INVAR-12, Run: 066, F, 102, 0, 66, 98, 32
INVAR-12, Run: 067, F, 98, 0, 74, 102, 28
INVAR-12, Run: 068, F, 100, 0, 70, 100, 30
INVAR-12, Run: 069, F, 101, 0, 68, 99, 31
INVAR-12, Run: 070, F, 102, 0, 66, 98, 32
INVAR-12, Run: 071, F, 102, 0, 66, 98, 32
INVAR-12, Run: 072, F, 99, 0, 72, 101, 29
INVAR-12, Run: 073, F, 101, 0, 68, 99, 31
INVAR-12, Run: 074, F, 96, 0, 78, 104, 26
INVAR-12, Run: 075, F, 102, 0, 66, 98, 32
INVAR-12, Run: 076, F, 104, 0, 62, 96, 34
INVAR-12, Run: 077, F, 102, 0, 66, 98, 32
INVAR-12, Run: 078, F, 102, 0, 66, 98, 32
INVAR-12, Run: 079, F, 105, 0, 60, 95, 35
INVAR-12, Run: 080, F, 101, 0, 68, 99, 31
INVAR-12, Run: 081, F, 105, 0, 60, 95, 35
INVAR-12, Run: 082, F, 99, 0, 72, 101, 29
INVAR-12, Run: 083, F, 100, 0, 70, 100, 30
INVAR-12, Run: 084, F, 101, 0, 68, 99, 31
INVAR-12, Run: 085, F, 101, 0, 68, 99, 31
INVAR-12, Run: 086, F, 101, 0, 68, 99, 31
INVAR-12, Run: 087, F, 102, 0, 66, 98, 32
INVAR-12, Run: 088, F, 102, 0, 66, 98, 32
INVAR-12, Run: 089, F, 98, 0, 74, 102, 28
INVAR-12, Run: 090, F, 96, 0, 78, 104, 26
INVAR-12, Run: 091, F, 100, 0, 70, 100, 30
INVAR-12, Run: 092, F, 102, 0, 66, 98, 32
INVAR-12, Run: 093, F, 97, 0, 76, 103, 27
INVAR-12, Run: 094, F, 98, 0, 74, 102, 28
INVAR-12, Run: 095, F, 99, 0, 72, 101, 29
INVAR-12, Run: 096, F, 101, 0, 68, 99, 31
INVAR-12, Run: 097, F, 106, 0, 58, 94, 36
INVAR-12, Run: 098, F, 95, 0, 80, 105, 25
INVAR-12, Run: 099, F, 99, 0, 72, 101, 29
INVAR-12, Run: 100, F, 100, 0, 70, 100, 30
INVAR-13, Run: 001, F, 14, 0, 3, 4, 1
INVAR-13, Run: 002, F, 13, 0, 5, 5, 0
INVAR-13, Run: 003, F, 14, 0, 3, 4, 1
INVAR-13, Run: 004, F, 13, 0, 5, 5, 0
INVAR-13, Run: 005, F, 13, 0, 5, 5, 0
INVAR-13, Run: 006, F, 13, 0, 5, 5, 0
INVAR-13, Run: 007, F, 13, 0, 5, 5, 0
INVAR-13, Run: 008, F, 14, 0, 3, 4, 1
INVAR-13, Run: 009, F, 14, 0, 3, 4, 1
INVAR-13, Run: 010, F, 13, 0, 5, 5, 0
INVAR-13, Run: 011, F, 14, 0, 3, 4, 1
INVAR-13, Run: 012, F, 15, 0, 1, 3, 2
INVAR-13, Run: 013, F, 14, 0, 3, 4, 1
INVAR-13, Run: 014, F, 14, 0, 3, 4, 1
INVAR-13, Run: 015, F, 13, 0, 5, 5, 0
INVAR-13, Run: 016, F, 13, 0, 5, 5, 0
INVAR-13, Run: 017, F, 13, 0, 5, 5, 0
INVAR-13, Run: 018, F, 14, 0, 3, 4, 1
INVAR-13, Run: 019, F, 13, 0, 5, 5, 0
INVAR-13, Run: 020, F, 13, 0, 5, 5, 0
INVAR-13, Run: 021, F, 13, 0, 5, 5, 0
INVAR-13, Run: 022, F, 13, 0, 5, 5, 0
INVAR-13, Run: 023, F, 13, 0, 5, 5, 0
INVAR-13, Run: 024, F, 13, 0, 5, 5, 0
INVAR-13, Run: 025, F, 13, 0, 5, 5, 0
INVAR-13, Run: 026, F, 14, 0, 3, 4, 1
INVAR-13, Run: 027, F, 13, 0, 5, 5, 0
INVAR-13, Run: 028, F, 14, 0, 3, 4, 1
INVAR-13, Run: 029, F, 14, 0, 3, 4, 1
INVAR-13, Run: 030, F, 14, 0, 3, 4, 1
INVAR-13, Run: 031, F, 13, 0, 5, 5, 0
INVAR-13, Run: 032, F, 14, 0, 3, 4, 1
INVAR-13, Run: 033, F, 14, 0, 3, 4, 1
INVAR-13, Run: 034, F, 14, 0, 3, 4, 1
INVAR-13, Run: 035, F, 14, 0, 3, 4, 1
INVAR-13, Run: 036, F, 13, 0, 5, 5, 0
INVAR-13, Run: 037, F, 15, 0, 1, 3, 2
INVAR-13, Run: 038, F, 13, 0, 5, 5, 0
INVAR-13, Run: 039, F, 14, 0, 3, 4, 1
INVAR-13, Run: 040, F, 13, 0, 5, 5, 0
INVAR-13, Run: 041, F, 13, 0, 5, 5, 0
INVAR-13, Run: 042, F, 15, 0, 1, 3, 2
INVAR-13, Run: 043, F, 13, 0, 5, 5, 0
INVAR-13, Run: 044, F, 14, 0, 3, 4, 1
INVAR-13, Run: 045, F, 14, 0, 3, 4, 1
INVAR-13, Run: 046, F, 14, 0, 3, 4, 1
INVAR-13, Run: 047, F, 13, 0, 5, 5, 0
INVAR-13, Run: 048, F, 14, 0, 3, 4, 1
INVAR-13, Run: 049, F, 14, 0, 3, 4, 1
INVAR-13, Run: 050, F, 14, 0, 3, 4, 1
INVAR-13, Run: 051, F, 15, 0, 1, 3, 2
INVAR-13, Run: 052, F, 13, 0, 5, 5, 0
INVAR-13, Run: 053, F, 13, 0, 5, 5, 0
INVAR-13, Run: 054, F, 13, 0, 5, 5, 0
INVAR-13, Run: 055, F, 14, 0, 3, 4, 1
INVAR-13, Run: 056, F, 13, 0, 5, 5, 0
INVAR-13, Run: 057, F, 13, 0, 5, 5, 0
INVAR-13, Run: 058, F, 13, 0, 5, 5, 0
INVAR-13, Run: 059, F, 14, 0, 3, 4, 1
INVAR-13, Run: 060, F, 13, 0, 5, 5, 0
INVAR-13, Run: 061, F, 13, 0, 5, 5, 0
INVAR-13, Run: 062, F, 14, 0, 3, 4, 1
INVAR-13, Run: 063, F, 14, 0, 3, 4, 1
INVAR-13, Run: 064, F, 13, 0, 5, 5, 0
INVAR-13, Run: 065, F, 13, 0, 5, 5, 0
INVAR-13, Run: 066, F, 14, 0, 3, 4, 1
INVAR-13, Run: 067, F, 15, 0, 1, 3, 2
INVAR-13, Run: 068, F, 13, 0, 5, 5, 0
INVAR-13, Run: 069, F, 13, 0, 5, 5, 0
INVAR-13, Run: 070, F, 14, 0, 3, 4, 1
INVAR-13, Run: 071, F, 13, 0, 5, 5, 0
INVAR-13, Run: 072, F, 15, 0, 1, 3, 2
INVAR-13, Run: 073, F, 14, 0, 3, 4, 1
INVAR-13, Run: 074, F, 14, 0, 3, 4, 1
INVAR-13, Run: 075, F, 13, 0, 5, 5, 0
INVAR-13, Run: 076, F, 15, 0, 1, 3, 2
INVAR-13, Run: 077, F, 13, 0, 5, 5, 0
INVAR-13, Run: 078, F, 13, 0, 5, 5, 0
INVAR-13, Run: 079, F, 13, 0, 5, 5, 0
INVAR-13, Run: 080, F, 13, 0, 5, 5, 0
INVAR-13, Run: 081, F, 13, 0, 5, 5, 0
INVAR-13, Run: 082, F, 14, 0, 3, 4, 1
INVAR-13, Run: 083, F, 14, 0, 3, 4, 1
INVAR-13, Run: 084, F, 13, 0, 5, 5, 0
INVAR-13, Run: 085, F, 13, 0, 5, 5, 0
INVAR-13, Run: 086, F, 15, 0, 1, 3, 2
INVAR-13, Run: 087, F, 14, 0, 3, 4, 1
INVAR-13, Run: 088, F, 13, 0, 5, 5, 0
INVAR-13, Run: 089, F, 13, 0, 5, 5, 0
INVAR-13, Run: 090, F, 13, 0, 5, 5, 0
INVAR-13, Run: 091, F, 14, 0, 3, 4, 1
INVAR-13, Run: 092, F, 13, 0, 5, 5, 0
INVAR-13, Run: 093, F, 15, 0, 1, 3, 2
INVAR-13, Run: 094, F, 14, 0, 3, 4, 1
INVAR-13, Run: 095, F, 13, 0, 5, 5, 0
INVAR-13, Run: 096, F, 14, 0, 3, 4, 1
INVAR-13, Run: 097, F, 13, 0, 5, 5, 0
INVAR-13, Run: 098, F, 13, 0, 5, 5, 0
INVAR-13, Run: 099, F, 13, 0, 5, 5, 0
INVAR-13, Run: 100, F, 14, 0, 3, 4, 1
INVAR-14, Run: 001, F, 34, 0, 32, 59, 27
INVAR-14, Run: 002, F, 35, 0, 30, 58, 28
INVAR-14, Run: 003, F, 31, 0, 38, 62, 24
INVAR-14, Run: 004, F, 30, 0, 40, 63, 23
INVAR-14, Run: 005, F, 30, 0, 40, 63, 23
INVAR-14, Run: 006, F, 34, 0, 32, 59, 27
INVAR-14, Run: 007, F, 29, 0, 42, 64, 22
INVAR-14, Run: 008, F, 31, 0, 38, 62, 24
INVAR-14, Run: 009, F, 29, 0, 42, 64, 22
INVAR-14, Run: 010, F, 31, 0, 38, 62, 24
INVAR-14, Run: 011, F, 32, 0, 36, 61, 25
INVAR-14, Run: 012, F, 31, 0, 38, 62, 24
INVAR-14, Run: 013, F, 37, 0, 26, 56, 30
INVAR-14, Run: 014, F, 32, 0, 36, 61, 25
INVAR-14, Run: 015, F, 34, 0, 32, 59, 27
INVAR-14, Run: 016, F, 28, 0, 44, 65, 21
INVAR-14, Run: 017, F, 32, 0, 36, 61, 25
INVAR-14, Run: 018, F, 32, 0, 36, 61, 25
INVAR-14, Run: 019, F, 31, 0, 38, 62, 24
INVAR-14, Run: 020, F, 30, 0, 40, 63, 23
INVAR-14, Run: 021, F, 35, 0, 30, 58, 28
INVAR-14, Run: 022, F, 29, 0, 42, 64, 22
INVAR-14, Run: 023, F, 33, 0, 34, 60, 26
INVAR-14, Run: 024, F, 35, 0, 30, 58, 28
INVAR-14, Run: 025, F, 35, 0, 30, 58, 28
INVAR-14, Run: 026, F, 33, 0, 34, 60, 26
INVAR-14, Run: 027, F, 33, 0, 34, 60, 26
INVAR-14, Run: 028, F, 31, 0, 38, 62, 24
INVAR-14, Run: 029, F, 33, 0, 34, 60, 26
INVAR-14, Run: 030, F, 30, 0, 40, 63, 23
INVAR-14, Run: 031, F, 33, 0, 34, 60, 26
INVAR-14, Run: 032, F, 33, 0, 34, 60, 26
INVAR-14, Run: 033, F, 34, 0, 32, 59, 27
INVAR-14, Run: 034, F, 31, 0, 38, 62, 24
INVAR-14, Run: 035, F, 35, 0, 30, 58, 28
INVAR-14, Run: 036, F, 31, 0, 38, 62, 24
INVAR-14, Run: 037, F, 35, 0, 30, 58, 28
INVAR-14, Run: 038, F, 32, 0, 36, 61, 25
INVAR-14, Run: 039, F, 32, 0, 36, 61, 25
INVAR-14, Run: 040, F, 35, 0, 30, 58, 28
INVAR-14, Run: 041, F, 32, 0, 36, 61, 25
INVAR-14, Run: 042, F, 32, 0, 36, 61, 25
INVAR-14, Run: 043, F, 33, 0, 34, 60, 26
INVAR-14, Run: 044, F, 33, 0, 34, 60, 26
INVAR-14, Run: 045, F, 33, 0, 34, 60, 26
INVAR-14, Run: 046, F, 33, 0, 34, 60, 26
INVAR-14, Run: 047, F, 32, 0, 36, 61, 25
INVAR-14, Run: 048, F, 31, 0, 38, 62, 24
INVAR-14, Run: 049, F, 34, 0, 32, 59, 27
INVAR-14, Run: 050, F, 33, 0, 34, 60, 26
INVAR-14, Run: 051, F, 31, 0, 38, 62, 24
INVAR-14, Run: 052, F, 33, 0, 34, 60, 26
INVAR-14, Run: 053, F, 30, 0, 40, 63, 23
INVAR-14, Run: 054, F, 34, 0, 32, 59, 27
INVAR-14, Run: 055, F, 32, 0, 36, 61, 25
INVAR-14, Run: 056, F, 32, 0, 36, 61, 25
INVAR-14, Run: 057, F, 37, 0, 26, 56, 30
INVAR-14, Run: 058, F, 32, 0, 36, 61, 25
INVAR-14, Run: 059, F, 31, 0, 38, 62, 24
INVAR-14, Run: 060, F, 36, 0, 28, 57, 29
INVAR-14, Run: 061, F, 31, 0, 38, 62, 24
INVAR-14, Run: 062, F, 33, 0, 34, 60, 26
INVAR-14, Run: 063, F, 33, 0, 34, 60, 26
INVAR-14, Run: 064, F, 33, 0, 34, 60, 26
INVAR-14, Run: 065, F, 34, 0, 32, 59, 27
INVAR-14, Run: 066, F, 28, 0, 44, 65, 21
INVAR-14, Run: 067, F, 34, 0, 32, 59, 27
INVAR-14, Run: 068, F, 33, 0, 34, 60, 26
INVAR-14, Run: 069, F, 33, 0, 34, 60, 26
INVAR-14, Run: 070, F, 36, 0, 28, 57, 29
INVAR-14, Run: 071, F, 31, 0, 38, 62, 24
INVAR-14, Run: 072, F, 35, 0, 30, 58, 28
INVAR-14, Run: 073, F, 33, 0, 34, 60, 26
INVAR-14, Run: 074, F, 33, 0, 34, 60, 26
INVAR-14, Run: 075, F, 29, 0, 42, 64, 22
INVAR-14, Run: 076, F, 33, 0, 34, 60, 26
INVAR-14, Run: 077, F, 35, 0, 30, 58, 28
INVAR-14, Run: 078, F, 36, 0, 28, 57, 29
INVAR-14, Run: 079, F, 31, 0, 38, 62, 24
INVAR-14, Run: 080, F, 36, 0, 28, 57, 29
INVAR-14, Run: 081, F, 31, 0, 38, 62, 24
INVAR-14, Run: 082, F, 34, 0, 32, 59, 27
INVAR-14, Run: 083, F, 32, 0, 36, 61, 25
INVAR-14, Run: 084, F, 31, 0, 38, 62, 24
INVAR-14, Run: 085, F, 30, 0, 40, 63, 23
INVAR-14, Run: 086, F, 33, 0, 34, 60, 26
INVAR-14, Run: 087, F, 30, 0, 40, 63, 23
INVAR-14, Run: 088, F, 33, 0, 34, 60, 26
INVAR-14, Run: 089, F, 33, 0, 34, 60, 26
INVAR-14, Run: 090, F, 30, 0, 40, 63, 23
INVAR-14, Run: 091, F, 31, 0, 38, 62, 24
INVAR-14, Run: 092, F, 33, 0, 34, 60, 26
INVAR-14, Run: 093, F, 32, 0, 36, 61, 25
INVAR-14, Run: 094, F, 31, 0, 38, 62, 24
INVAR-14, Run: 095, F, 30, 0, 40, 63, 23
INVAR-14, Run: 096, F, 34, 0, 32, 59, 27
INVAR-14, Run: 097, F, 36, 0, 28, 57, 29
INVAR-14, Run: 098, F, 34, 0, 32, 59, 27
INVAR-14, Run: 099, F, 31, 0, 38, 62, 24
INVAR-14, Run: 100, F, 30, 0, 40, 63, 23
INVAR-15, Run: 001, F, 61, 0, 62, 112, 50
INVAR-15, Run: 002, F, 61, 0, 62, 112, 50
INVAR-15, Run: 003, F, 62, 0, 60, 111, 51
INVAR-15, Run: 004, F, 62, 0, 60, 111, 51
INVAR-15, Run: 005, F, 59, 0, 66, 114, 48
INVAR-15, Run: 006, F, 64, 0, 56, 109, 53
INVAR-15, Run: 007, F, 60, 0, 64, 113, 49
INVAR-15, Run: 008, F, 57, 0, 70, 116, 46
INVAR-15, Run: 009, F, 58, 0, 68, 115, 47
INVAR-15, Run: 010, F, 54, 0, 76, 119, 43
INVAR-15, Run: 011, F, 57, 0, 70, 116, 46
INVAR-15, Run: 012, F, 55, 0, 74, 118, 44
INVAR-15, Run: 013, F, 60, 0, 64, 113, 49
INVAR-15, Run: 014, F, 62, 0, 60, 111, 51
INVAR-15, Run: 015, F, 60, 0, 64, 113, 49
INVAR-15, Run: 016, F, 61, 0, 62, 112, 50
INVAR-15, Run: 017, F, 58, 0, 68, 115, 47
INVAR-15, Run: 018, F, 62, 0, 60, 111, 51
INVAR-15, Run: 019, F, 59, 0, 66, 114, 48
INVAR-15, Run: 020, F, 54, 0, 76, 119, 43
INVAR-15, Run: 021, F, 60, 0, 64, 113, 49
INVAR-15, Run: 022, F, 58, 0, 68, 115, 47
INVAR-15, Run: 023, F, 59, 0, 66, 114, 48
INVAR-15, Run: 024, F, 58, 0, 68, 115, 47
INVAR-15, Run: 025, F, 66, 0, 52, 107, 55
INVAR-15, Run: 026, F, 60, 0, 64, 113, 49
INVAR-15, Run: 027, F, 59, 0, 66, 114, 48
INVAR-15, Run: 028, F, 59, 0, 66, 114, 48
INVAR-15, Run: 029, F, 65, 0, 54, 108, 54
INVAR-15, Run: 030, F, 61, 0, 62, 112, 50
INVAR-15, Run: 031, F, 59, 0, 66, 114, 48
INVAR-15, Run: 032, F, 60, 0, 64, 113, 49
INVAR-15, Run: 033, F, 59, 0, 66, 114, 48
INVAR-15, Run: 034, F, 54, 0, 76, 119, 43
INVAR-15, Run: 035, F, 61, 0, 62, 112, 50
INVAR-15, Run: 036, F, 58, 0, 68, 115, 47
INVAR-15, Run: 037, F, 61, 0, 62, 112, 50
INVAR-15, Run: 038, F, 63, 0, 58, 110, 52
INVAR-15, Run: 039, F, 63, 0, 58, 110, 52
INVAR-15, Run: 040, F, 62, 0, 60, 111, 51
INVAR-15, Run: 041, F, 61, 0, 62, 112, 50
INVAR-15, Run: 042, F, 57, 0, 70, 116, 46
INVAR-15, Run: 043, F, 61, 0, 62, 112, 50
INVAR-15, Run: 044, F, 59, 0, 66, 114, 48
INVAR-15, Run: 045, F, 69, 0, 46, 104, 58
INVAR-15, Run: 046, F, 59, 0, 66, 114, 48
INVAR-15, Run: 047, F, 64, 0, 56, 109, 53
INVAR-15, Run: 048, F, 64, 0, 56, 109, 53
INVAR-15, Run: 049, F, 60, 0, 64, 113, 49
INVAR-15, Run: 050, F, 57, 0, 70, 116, 46
INVAR-15, Run: 051, F, 60, 0, 64, 113, 49
INVAR-15, Run: 052, F, 66, 0, 52, 107, 55
INVAR-15, Run: 053, F, 60, 0, 64, 113, 49
INVAR-15, Run: 054, F, 64, 0, 56, 109, 53
INVAR-15, Run: 055, F, 61, 0, 62, 112, 50
INVAR-15, Run: 056, F, 62, 0, 60, 111, 51
INVAR-15, Run: 057, F, 60, 0, 64, 113, 49
INVAR-15, Run: 058, F, 59, 0, 66, 114, 48
INVAR-15, Run: 059, F, 61, 0, 62, 112, 50
INVAR-15, Run: 060, F, 66, 0, 52, 107, 55
INVAR-15, Run: 061, F, 60, 0, 64, 113, 49
INVAR-15, Run: 062, F, 60, 0, 64, 113, 49
INVAR-15, Run: 063, F, 58, 0, 68, 115, 47
INVAR-15, Run: 064, F, 57, 0, 70, 116, 46
INVAR-15, Run: 065, F, 56, 0, 72, 117, 45
INVAR-15, Run: 066, F, 60, 0, 64, 113, 49
INVAR-15, Run: 067, F, 60, 0, 64, 113, 49
INVAR-15, Run: 068, F, 64, 0, 56, 109, 53
INVAR-15, Run: 069, F, 59, 0, 66, 114, 48
INVAR-15, Run: 070, F, 57, 0, 70, 116, 46
INVAR-15, Run: 071, F, 62, 0, 60, 111, 51
INVAR-15, Run: 072, F, 56, 0, 72, 117, 45
INVAR-15, Run: 073, F, 55, 0, 74, 118, 44
INVAR-15, Run: 074, F, 62, 0, 60, 111, 51
INVAR-15, Run: 075, F, 54, 0, 76, 119, 43
INVAR-15, Run: 076, F, 62, 0, 60, 111, 51
INVAR-15, Run: 077, F, 60, 0, 64, 113, 49
INVAR-15, Run: 078, F, 60, 0, 64, 113, 49
INVAR-15, Run: 079, F, 62, 0, 60, 111, 51
INVAR-15, Run: 080, F, 60, 0, 64, 113, 49
INVAR-15, Run: 081, F, 68, 0, 48, 105, 57
INVAR-15, Run: 082, F, 62, 0, 60, 111, 51
INVAR-15, Run: 083, F, 59, 0, 66, 114, 48
INVAR-15, Run: 084, F, 62, 0, 60, 111, 51
INVAR-15, Run: 085, F, 67, 0, 50, 106, 56
INVAR-15, Run: 086, F, 57, 0, 70, 116, 46
INVAR-15, Run: 087, F, 60, 0, 64, 113, 49
INVAR-15, Run: 088, F, 60, 0, 64, 113, 49
INVAR-15, Run: 089, F, 57, 0, 70, 116, 46
INVAR-15, Run: 090, F, 63, 0, 58, 110, 52
INVAR-15, Run: 091, F, 61, 0, 62, 112, 50
INVAR-15, Run: 092, F, 58, 0, 68, 115, 47
INVAR-15, Run: 093, F, 59, 0, 66, 114, 48
INVAR-15, Run: 094, F, 57, 0, 70, 116, 46
INVAR-15, Run: 095, F, 57, 0, 70, 116, 46
INVAR-15, Run: 096, F, 63, 0, 58, 110, 52
INVAR-15, Run: 097, F, 62, 0, 60, 111, 51
INVAR-15, Run: 098, F, 61, 0, 62, 112, 50
INVAR-15, Run: 099, F, 58, 0, 68, 115, 47
INVAR-15, Run: 100, F, 62, 0, 60, 111, 51
INVAR-16, Run: 001, F, 4, 0, 7, 11, 4
INVAR-16, Run: 002, F, 5, 0, 5, 10, 5
INVAR-16, Run: 003, F, 4, 0, 7, 11, 4
INVAR-16, Run: 004, F, 4, 0, 7, 11, 4
INVAR-16, Run: 005, F, 5, 0, 5, 10, 5
INVAR-16, Run: 006, F, 4, 0, 7, 11, 4
INVAR-16, Run: 007, F, 3, 0, 9, 12, 3
INVAR-16, Run: 008, F, 4, 0, 7, 11, 4
INVAR-16, Run: 009, F, 4, 0, 7, 11, 4
INVAR-16, Run: 010, F, 3, 0, 9, 12, 3
INVAR-16, Run: 011, F, 5, 0, 5, 10, 5
INVAR-16, Run: 012, F, 3, 0, 9, 12, 3
INVAR-16, Run: 013, F, 6, 0, 3, 9, 6
INVAR-16, Run: 014, F, 5, 0, 5, 10, 5
INVAR-16, Run: 015, F, 5, 0, 5, 10, 5
INVAR-16, Run: 016, F, 7, 0, 1, 8, 7
INVAR-16, Run: 017, F, 4, 0, 7, 11, 4
INVAR-16, Run: 018, F, 5, 0, 5, 10, 5
INVAR-16, Run: 019, F, 5, 0, 5, 10, 5
INVAR-16, Run: 020, F, 4, 0, 7, 11, 4
INVAR-16, Run: 021, F, 5, 0, 5, 10, 5
INVAR-16, Run: 022, F, 6, 0, 3, 9, 6
INVAR-16, Run: 023, F, 5, 0, 5, 10, 5
INVAR-16, Run: 024, F, 5, 0, 5, 10, 5
INVAR-16, Run: 025, F, 6, 0, 3, 9, 6
INVAR-16, Run: 026, F, 6, 0, 3, 9, 6
INVAR-16, Run: 027, F, 4, 0, 7, 11, 4
INVAR-16, Run: 028, F, 4, 0, 7, 11, 4
INVAR-16, Run: 029, F, 5, 0, 5, 10, 5
INVAR-16, Run: 030, F, 5, 0, 5, 10, 5
INVAR-16, Run: 031, F, 4, 0, 7, 11, 4
INVAR-16, Run: 032, F, 5, 0, 5, 10, 5
INVAR-16, Run: 033, F, 3, 0, 9, 12, 3
INVAR-16, Run: 034, F, 5, 0, 5, 10, 5
INVAR-16, Run: 035, F, 4, 0, 7, 11, 4
INVAR-16, Run: 036, F, 5, 0, 5, 10, 5
INVAR-16, Run: 037, F, 2, 0, 11, 13, 2
INVAR-16, Run: 038, F, 5, 0, 5, 10, 5
INVAR-16, Run: 039, F, 5, 0, 5, 10, 5
INVAR-16, Run: 040, F, 6, 0, 3, 9, 6
INVAR-16, Run: 041, F, 5, 0, 5, 10, 5
INVAR-16, Run: 042, F, 4, 0, 7, 11, 4
INVAR-16, Run: 043, F, 4, 0, 7, 11, 4
INVAR-16, Run: 044, F, 4, 0, 7, 11, 4
INVAR-16, Run: 045, F, 5, 0, 5, 10, 5
INVAR-16, Run: 046, F, 4, 0, 7, 11, 4
INVAR-16, Run: 047, F, 4, 0, 7, 11, 4
INVAR-16, Run: 048, F, 4, 0, 7, 11, 4
INVAR-16, Run: 049, F, 4, 0, 7, 11, 4
INVAR-16, Run: 050, F, 4, 0, 7, 11, 4
INVAR-16, Run: 051, F, 5, 0, 5, 10, 5
INVAR-16, Run: 052, F, 3, 0, 9, 12, 3
INVAR-16, Run: 053, F, 5, 0, 5, 10, 5
INVAR-16, Run: 054, F, 4, 0, 7, 11, 4
INVAR-16, Run: 055, F, 4, 0, 7, 11, 4
INVAR-16, Run: 056, F, 5, 0, 5, 10, 5
INVAR-16, Run: 057, F, 4, 0, 7, 11, 4
INVAR-16, Run: 058, F, 3, 0, 9, 12, 3
INVAR-16, Run: 059, F, 6, 0, 3, 9, 6
INVAR-16, Run: 060, F, 6, 0, 3, 9, 6
INVAR-16, Run: 061, F, 4, 0, 7, 11, 4
INVAR-16, Run: 062, F, 6, 0, 3, 9, 6
INVAR-16, Run: 063, F, 4, 0, 7, 11, 4
INVAR-16, Run: 064, F, 5, 0, 5, 10, 5
INVAR-16, Run: 065, F, 4, 0, 7, 11, 4
INVAR-16, Run: 066, F, 5, 0, 5, 10, 5
INVAR-16, Run: 067, F, 4, 0, 7, 11, 4
INVAR-16, Run: 068, F, 5, 0, 5, 10, 5
INVAR-16, Run: 069, F, 4, 0, 7, 11, 4
INVAR-16, Run: 070, F, 3, 0, 9, 12, 3
INVAR-16, Run: 071, F, 5, 0, 5, 10, 5
INVAR-16, Run: 072, F, 3, 0, 9, 12, 3
INVAR-16, Run: 073, F, 5, 0, 5, 10, 5
INVAR-16, Run: 074, F, 4, 0, 7, 11, 4
INVAR-16, Run: 075, F, 5, 0, 5, 10, 5
INVAR-16, Run: 076, F, 3, 0, 9, 12, 3
INVAR-16, Run: 077, F, 5, 0, 5, 10, 5
INVAR-16, Run: 078, F, 5, 0, 5, 10, 5
INVAR-16, Run: 079, F, 3, 0, 9, 12, 3
INVAR-16, Run: 080, F, 6, 0, 3, 9, 6
INVAR-16, Run: 081, F, 4, 0, 7, 11, 4
INVAR-16, Run: 082, F, 4, 0, 7, 11, 4
INVAR-16, Run: 083, F, 5, 0, 5, 10, 5
INVAR-16, Run: 084, F, 5, 0, 5, 10, 5
INVAR-16, Run: 085, F, 5, 0, 5, 10, 5
INVAR-16, Run: 086, F, 6, 0, 3, 9, 6
INVAR-16, Run: 087, F, 6, 0, 3, 9, 6
INVAR-16, Run: 088, F, 5, 0, 5, 10, 5
INVAR-16, Run: 089, F, 4, 0, 7, 11, 4
INVAR-16, Run: 090, F, 4, 0, 7, 11, 4
INVAR-16, Run: 091, F, 3, 0, 9, 12, 3
INVAR-16, Run: 092, F, 6, 0, 3, 9, 6
INVAR-16, Run: 093, F, 4, 0, 7, 11, 4
INVAR-16, Run: 094, F, 5, 0, 5, 10, 5
INVAR-16, Run: 095, F, 5, 0, 5, 10, 5
INVAR-16, Run: 096, F, 4, 0, 7, 11, 4
INVAR-16, Run: 097, F, 5, 0, 5, 10, 5
INVAR-16, Run: 098, F, 4, 0, 7, 11, 4
INVAR-16, Run: 099, F, 4, 0, 7, 11, 4
INVAR-16, Run: 100, F, 6, 0, 3, 9, 6
INVAR-17, Run: 001, F, 34, 0, 29, 47, 18
INVAR-17, Run: 002, F, 37, 0, 23, 44, 21
INVAR-17, Run: 003, F, 34, 0, 29, 47, 18
INVAR-17, Run: 004, F, 30, 0, 37, 51, 14
INVAR-17, Run: 005, F, 33, 0, 31, 48, 17
INVAR-17, Run: 006, F, 29, 0, 39, 52, 13
INVAR-17, Run: 007, F, 33, 0, 31, 48, 17
INVAR-17, Run: 008, F, 34, 0, 29, 47, 18
INVAR-17, Run: 009, F, 36, 0, 25, 45, 20
INVAR-17, Run: 010, F, 33, 0, 31, 48, 17
INVAR-17, Run: 011, F, 32, 0, 33, 49, 16
INVAR-17, Run: 012, F, 33, 0, 31, 48, 17
INVAR-17, Run: 013, F, 31, 0, 35, 50, 15
INVAR-17, Run: 014, F, 34, 0, 29, 47, 18
INVAR-17, Run: 015, F, 33, 0, 31, 48, 17
INVAR-17, Run: 016, F, 36, 0, 25, 45, 20
INVAR-17, Run: 017, F, 34, 0, 29, 47, 18
INVAR-17, Run: 018, F, 34, 0, 29, 47, 18
INVAR-17, Run: 019, F, 36, 0, 25, 45, 20
INVAR-17, Run: 020, F, 34, 0, 29, 47, 18
INVAR-17, Run: 021, F, 36, 0, 25, 45, 20
INVAR-17, Run: 022, F, 36, 0, 25, 45, 20
INVAR-17, Run: 023, F, 36, 0, 25, 45, 20
INVAR-17, Run: 024, F, 33, 0, 31, 48, 17
INVAR-17, Run: 025, F, 34, 0, 29, 47, 18
INVAR-17, Run: 026, F, 34, 0, 29, 47, 18
INVAR-17, Run: 027, F, 31, 0, 35, 50, 15
INVAR-17, Run: 028, F, 34, 0, 29, 47, 18
INVAR-17, Run: 029, F, 30, 0, 37, 51, 14
INVAR-17, Run: 030, F, 34, 0, 29, 47, 18
INVAR-17, Run: 031, F, 34, 0, 29, 47, 18
INVAR-17, Run: 032, F, 33, 0, 31, 48, 17
INVAR-17, Run: 033, F, 36, 0, 25, 45, 20
INVAR-17, Run: 034, F, 34, 0, 29, 47, 18
INVAR-17, Run: 035, F, 37, 0, 23, 44, 21
INVAR-17, Run: 036, F, 32, 0, 33, 49, 16
INVAR-17, Run: 037, F, 35, 0, 27, 46, 19
INVAR-17, Run: 038, F, 35, 0, 27, 46, 19
INVAR-17, Run: 039, F, 35, 0, 27, 46, 19
INVAR-17, Run: 040, F, 35, 0, 27, 46, 19
INVAR-17, Run: 041, F, 32, 0, 33, 49, 16
INVAR-17, Run: 042, F, 36, 0, 25, 45, 20
INVAR-17, Run: 043, F, 36, 0, 25, 45, 20
INVAR-17, Run: 044, F, 36, 0, 25, 45, 20
INVAR-17, Run: 045, F, 31, 0, 35, 50, 15
INVAR-17, Run: 046, F, 35, 0, 27, 46, 19
INVAR-17, Run: 047, F, 34, 0, 29, 47, 18
INVAR-17, Run: 048, F, 35, 0, 27, 46, 19
INVAR-17, Run: 049, F, 33, 0, 31, 48, 17
INVAR-17, Run: 050, F, 34, 0, 29, 47, 18
INVAR-17, Run: 051, F, 36, 0, 25, 45, 20
INVAR-17, Run: 052, F, 36, 0, 25, 45, 20
INVAR-17, Run: 053, F, 33, 0, 31, 48, 17
INVAR-17, Run: 054, F, 37, 0, 23, 44, 21
INVAR-17, Run: 055, F, 34, 0, 29, 47, 18
INVAR-17, Run: 056, F, 34, 0, 29, 47, 18
INVAR-17, Run: 057, F, 33, 0, 31, 48, 17
INVAR-17, Run: 058, F, 32, 0, 33, 49, 16
INVAR-17, Run: 059, F, 35, 0, 27, 46, 19
INVAR-17, Run: 060, F, 31, 0, 35, 50, 15
INVAR-17, Run: 061, F, 35, 0, 27, 46, 19
INVAR-17, Run: 062, F, 30, 0, 37, 51, 14
INVAR-17, Run: 063, F, 33, 0, 31, 48, 17
INVAR-17, Run: 064, F, 34, 0, 29, 47, 18
INVAR-17, Run: 065, F, 34, 0, 29, 47, 18
INVAR-17, Run: 066, F, 33, 0, 31, 48, 17
INVAR-17, Run: 067, F, 33, 0, 31, 48, 17
INVAR-17, Run: 068, F, 32, 0, 33, 49, 16
INVAR-17, Run: 069, F, 35, 0, 27, 46, 19
INVAR-17, Run: 070, F, 30, 0, 37, 51, 14
INVAR-17, Run: 071, F, 34, 0, 29, 47, 18
INVAR-17, Run: 072, F, 32, 0, 33, 49, 16
INVAR-17, Run: 073, F, 32, 0, 33, 49, 16
INVAR-17, Run: 074, F, 29, 0, 39, 52, 13
INVAR-17, Run: 075, F, 35, 0, 27, 46, 19
INVAR-17, Run: 076, F, 33, 0, 31, 48, 17
INVAR-17, Run: 077, F, 35, 0, 27, 46, 19
INVAR-17, Run: 078, F, 34, 0, 29, 47, 18
INVAR-17, Run: 079, F, 33, 0, 31, 48, 17
INVAR-17, Run: 080, F, 31, 0, 35, 50, 15
INVAR-17, Run: 081, F, 34, 0, 29, 47, 18
INVAR-17, Run: 082, F, 32, 0, 33, 49, 16
INVAR-17, Run: 083, F, 34, 0, 29, 47, 18
INVAR-17, Run: 084, F, 32, 0, 33, 49, 16
INVAR-17, Run: 085, F, 36, 0, 25, 45, 20
INVAR-17, Run: 086, F, 36, 0, 25, 45, 20
INVAR-17, Run: 087, F, 33, 0, 31, 48, 17
INVAR-17, Run: 088, F, 39, 0, 19, 42, 23
INVAR-17, Run: 089, F, 36, 0, 25, 45, 20
INVAR-17, Run: 090, F, 35, 0, 27, 46, 19
INVAR-17, Run: 091, F, 35, 0, 27, 46, 19
INVAR-17, Run: 092, F, 35, 0, 27, 46, 19
INVAR-17, Run: 093, F, 34, 0, 29, 47, 18
INVAR-17, Run: 094, F, 33, 0, 31, 48, 17
INVAR-17, Run: 095, F, 28, 0, 41, 53, 12
INVAR-17, Run: 096, F, 31, 0, 35, 50, 15
INVAR-17, Run: 097, F, 36, 0, 25, 45, 20
INVAR-17, Run: 098, F, 36, 0, 25, 45, 20
INVAR-17, Run: 099, F, 33, 0, 31, 48, 17
INVAR-17, Run: 100, F, 31, 0, 35, 50, 15
INVAR-18, Run: 001, F, 49, 0, 67, 116, 49
INVAR-18, Run: 002, F, 51, 0, 63, 114, 51
INVAR-18, Run: 003, F, 49, 0, 67, 116, 49
INVAR-18, Run: 004, F, 55, 0, 55, 110, 55
INVAR-18, Run: 005, F, 51, 0, 63, 114, 51
INVAR-18, Run: 006, F, 58, 0, 49, 107, 58
INVAR-18, Run: 007, F, 51, 0, 63, 114, 51
INVAR-18, Run: 008, F, 52, 0, 61, 113, 52
INVAR-18, Run: 009, F, 53, 0, 59, 112, 53
INVAR-18, Run: 010, F, 50, 0, 65, 115, 50
INVAR-18, Run: 011, F, 52, 0, 61, 113, 52
INVAR-18, Run: 012, F, 57, 0, 51, 108, 57
INVAR-18, Run: 013, F, 50, 0, 65, 115, 50
INVAR-18, Run: 014, F, 50, 0, 65, 115, 50
INVAR-18, Run: 015, F, 47, 0, 71, 118, 47
INVAR-18, Run: 016, F, 53, 0, 59, 112, 53
INVAR-18, Run: 017, F, 43, 0, 79, 122, 43
INVAR-18, Run: 018, F, 57, 0, 51, 108, 57
INVAR-18, Run: 019, F, 51, 0, 63, 114, 51
INVAR-18, Run: 020, F, 55, 0, 55, 110, 55
INVAR-18, Run: 021, F, 54, 0, 57, 111, 54
INVAR-18, Run: 022, F, 50, 0, 65, 115, 50
INVAR-18, Run: 023, F, 53, 0, 59, 112, 53
INVAR-18, Run: 024, F, 53, 0, 59, 112, 53
INVAR-18, Run: 025, F, 48, 0, 69, 117, 48
INVAR-18, Run: 026, F, 53, 0, 59, 112, 53
INVAR-18, Run: 027, F, 56, 0, 53, 109, 56
INVAR-18, Run: 028, F, 56, 0, 53, 109, 56
INVAR-18, Run: 029, F, 45, 0, 75, 120, 45
INVAR-18, Run: 030, F, 45, 0, 75, 120, 45
INVAR-18, Run: 031, F, 47, 0, 71, 118, 47
INVAR-18, Run: 032, F, 53, 0, 59, 112, 53
INVAR-18, Run: 033, F, 57, 0, 51, 108, 57
INVAR-18, Run: 034, F, 51, 0, 63, 114, 51
INVAR-18, Run: 035, F, 51, 0, 63, 114, 51
INVAR-18, Run: 036, F, 56, 0, 53, 109, 56
INVAR-18, Run: 037, F, 47, 0, 71, 118, 47
INVAR-18, Run: 038, F, 55, 0, 55, 110, 55
INVAR-18, Run: 039, F, 54, 0, 57, 111, 54
INVAR-18, Run: 040, F, 52, 0, 61, 113, 52
INVAR-18, Run: 041, F, 57, 0, 51, 108, 57
INVAR-18, Run: 042, F, 52, 0, 61, 113, 52
INVAR-18, Run: 043, F, 55, 0, 55, 110, 55
INVAR-18, Run: 044, F, 52, 0, 61, 113, 52
INVAR-18, Run: 045, F, 54, 0, 57, 111, 54
INVAR-18, Run: 046, F, 54, 0, 57, 111, 54
INVAR-18, Run: 047, F, 50, 0, 65, 115, 50
INVAR-18, Run: 048, F, 54, 0, 57, 111, 54
INVAR-18, Run: 049, F, 56, 0, 53, 109, 56
INVAR-18, Run: 050, F, 58, 0, 49, 107, 58
INVAR-18, Run: 051, F, 52, 0, 61, 113, 52
INVAR-18, Run: 052, F, 59, 0, 47, 106, 59
INVAR-18, Run: 053, F, 54, 0, 57, 111, 54
INVAR-18, Run: 054, F, 53, 0, 59, 112, 53
INVAR-18, Run: 055, F, 53, 0, 59, 112, 53
INVAR-18, Run: 056, F, 53, 0, 59, 112, 53
INVAR-18, Run: 057, F, 49, 0, 67, 116, 49
INVAR-18, Run: 058, F, 60, 0, 45, 105, 60
INVAR-18, Run: 059, F, 47, 0, 71, 118, 47
INVAR-18, Run: 060, F, 51, 0, 63, 114, 51
INVAR-18, Run: 061, F, 52, 0, 61, 113, 52
INVAR-18, Run: 062, F, 49, 0, 67, 116, 49
INVAR-18, Run: 063, F, 55, 0, 55, 110, 55
INVAR-18, Run: 064, F, 55, 0, 55, 110, 55
INVAR-18, Run: 065, F, 52, 0, 61, 113, 52
INVAR-18, Run: 066, F, 51, 0, 63, 114, 51
INVAR-18, Run: 067, F, 54, 0, 57, 111, 54
INVAR-18, Run: 068, F, 55, 0, 55, 110, 55
INVAR-18, Run: 069, F, 53, 0, 59, 112, 53
INVAR-18, Run: 070, F, 53, 0, 59, 112, 53
INVAR-18, Run: 071, F, 53, 0, 59, 112, 53
INVAR-18, Run: 072, F, 54, 0, 57, 111, 54
INVAR-18, Run: 073, F, 49, 0, 67, 116, 49
INVAR-18, Run: 074, F, 49, 0, 67, 116, 49
INVAR-18, Run: 075, F, 48, 0, 69, 117, 48
INVAR-18, Run: 076, F, 51, 0, 63, 114, 51
INVAR-18, Run: 077, F, 52, 0, 61, 113, 52
INVAR-18, Run: 078, F, 53, 0, 59, 112, 53
INVAR-18, Run: 079, F, 51, 0, 63, 114, 51
INVAR-18, Run: 080, F, 45, 0, 75, 120, 45
INVAR-18, Run: 081, F, 51, 0, 63, 114, 51
INVAR-18, Run: 082, F, 45, 0, 75, 120, 45
INVAR-18, Run: 083, F, 52, 0, 61, 113, 52
INVAR-18, Run: 084, F, 50, 0, 65, 115, 50
INVAR-18, Run: 085, F, 54, 0, 57, 111, 54
INVAR-18, Run: 086, F, 54, 0, 57, 111, 54
INVAR-18, Run: 087, F, 52, 0, 61, 113, 52
INVAR-18, Run: 088, F, 51, 0, 63, 114, 51
INVAR-18, Run: 089, F, 47, 0, 71, 118, 47
INVAR-18, Run: 090, F, 52, 0, 61, 113, 52
INVAR-18, Run: 091, F, 51, 0, 63, 114, 51
INVAR-18, Run: 092, F, 53, 0, 59, 112, 53
INVAR-18, Run: 093, F, 51, 0, 63, 114, 51
INVAR-18, Run: 094, F, 55, 0, 55, 110, 55
INVAR-18, Run: 095, F, 55, 0, 55, 110, 55
INVAR-18, Run: 096, F, 51, 0, 63, 114, 51
INVAR-18, Run: 097, F, 48, 0, 69, 117, 48
INVAR-18, Run: 098, F, 47, 0, 71, 118, 47
INVAR-18, Run: 099, F, 54, 0, 57, 111, 54
INVAR-18, Run: 100, F, 48, 0, 69, 117, 48
INVAR-19, Run: 001, P, 35, 0, 0, 0, 0
INVAR-19, Run: 002, P, 35, 0, 0, 0, 0
INVAR-19, Run: 003, P, 35, 0, 0, 0, 0
INVAR-19, Run: 004, P, 35, 0, 0, 0, 0
INVAR-19, Run: 005, P, 35, 0, 0, 0, 0
INVAR-19, Run: 006, P, 35, 0, 0, 0, 0
INVAR-19, Run: 007, P, 35, 0, 0, 0, 0
INVAR-19, Run: 008, P, 35, 0, 0, 0, 0
INVAR-19, Run: 009, P, 35, 0, 0, 0, 0
INVAR-19, Run: 010, P, 35, 0, 0, 0, 0
INVAR-19, Run: 011, P, 35, 0, 0, 0, 0
INVAR-19, Run: 012, P, 35, 0, 0, 0, 0
INVAR-19, Run: 013, P, 35, 0, 0, 0, 0
INVAR-19, Run: 014, P, 35, 0, 0, 0, 0
INVAR-19, Run: 015, P, 35, 0, 0, 0, 0
INVAR-19, Run: 016, P, 35, 0, 0, 0, 0
INVAR-19, Run: 017, P, 35, 0, 0, 0, 0
INVAR-19, Run: 018, P, 35, 0, 0, 0, 0
INVAR-19, Run: 019, P, 35, 0, 0, 0, 0
INVAR-19, Run: 020, P, 35, 0, 0, 0, 0
INVAR-19, Run: 021, P, 35, 0, 0, 0, 0
INVAR-19, Run: 022, P, 35, 0, 0, 0, 0
INVAR-19, Run: 023, P, 35, 0, 0, 0, 0
INVAR-19, Run: 024, P, 35, 0, 0, 0, 0
INVAR-19, Run: 025, P, 35, 0, 0, 0, 0
INVAR-19, Run: 026, P, 35, 0, 0, 0, 0
INVAR-19, Run: 027, P, 35, 0, 0, 0, 0
INVAR-19, Run: 028, P, 35, 0, 0, 0, 0
INVAR-19, Run: 029, P, 35, 0, 0, 0, 0
INVAR-19, Run: 030, P, 35, 0, 0, 0, 0
INVAR-19, Run: 031, P, 35, 0, 0, 0, 0
INVAR-19, Run: 032, P, 35, 0, 0, 0, 0
INVAR-19, Run: 033, P, 35, 0, 0, 0, 0
INVAR-19, Run: 034, P, 35, 0, 0, 0, 0
INVAR-19, Run: 035, P, 35, 0, 0, 0, 0
INVAR-19, Run: 036, P, 35, 0, 0, 0, 0
INVAR-19, Run: 037, P, 35, 0, 0, 0, 0
INVAR-19, Run: 038, P, 35, 0, 0, 0, 0
INVAR-19, Run: 039, P, 35, 0, 0, 0, 0
INVAR-19, Run: 040, P, 35, 0, 0, 0, 0
INVAR-19, Run: 041, P, 35, 0, 0, 0, 0
INVAR-19, Run: 042, P, 35, 0, 0, 0, 0
INVAR-19, Run: 043, P, 35, 0, 0, 0, 0
INVAR-19, Run: 044, P, 35, 0, 0, 0, 0
INVAR-19, Run: 045, P, 35, 0, 0, 0, 0
INVAR-19, Run: 046, P, 35, 0, 0, 0, 0
INVAR-19, Run: 047, P, 35, 0, 0, 0, 0
INVAR-19, Run: 048, P, 35, 0, 0, 0, 0
INVAR-19, Run: 049, P, 35, 0, 0, 0, 0
INVAR-19, Run: 050, P, 35, 0, 0, 0, 0
INVAR-19, Run: 051, P, 35, 0, 0, 0, 0
INVAR-19, Run: 052, P, 35, 0, 0, 0, 0
INVAR-19, Run: 053, P, 35, 0, 0, 0, 0
INVAR-19, Run: 054, P, 35, 0, 0, 0, 0
INVAR-19, Run: 055, P, 35, 0, 0, 0, 0
INVAR-19, Run: 056, P, 35, 0, 0, 0, 0
INVAR-19, Run: 057, P, 35, 0, 0, 0, 0
INVAR-19, Run: 058, P, 35, 0, 0, 0, 0
INVAR-19, Run: 059, P, 35, 0, 0, 0, 0
INVAR-19, Run: 060, P, 35, 0, 0, 0, 0
INVAR-19, Run: 061, P, 35, 0, 0, 0, 0
INVAR-19, Run: 062, P, 35, 0, 0, 0, 0
INVAR-19, Run: 063, P, 35, 0, 0, 0, 0
INVAR-19, Run: 064, P, 35, 0, 0, 0, 0
INVAR-19, Run: 065, P, 35, 0, 0, 0, 0
INVAR-19, Run: 066, P, 35, 0, 0, 0, 0
INVAR-19, Run: 067, P, 35, 0, 0, 0, 0
INVAR-19, Run: 068, P, 35, 0, 0, 0, 0
INVAR-19, Run: 069, P, 35, 0, 0, 0, 0
INVAR-19, Run: 070, P, 35, 0, 0, 0, 0
INVAR-19, Run: 071, P, 35, 0, 0, 0, 0
INVAR-19, Run: 072, P, 35, 0, 0, 0, 0
INVAR-19, Run: 073, P, 35, 0, 0, 0, 0
INVAR-19, Run: 074, P, 35, 0, 0, 0, 0
INVAR-19, Run: 075, P, 35, 0, 0, 0, 0
INVAR-19, Run: 076, P, 35, 0, 0, 0, 0
INVAR-19, Run: 077, P, 35, 0, 0, 0, 0
INVAR-19, Run: 078, P, 35, 0, 0, 0, 0
INVAR-19, Run: 079, P, 35, 0, 0, 0, 0
INVAR-19, Run: 080, P, 35, 0, 0, 0, 0
INVAR-19, Run: 081, P, 35, 0, 0, 0, 0
INVAR-19, Run: 082, P, 35, 0, 0, 0, 0
INVAR-19, Run: 083, P, 35, 0, 0, 0, 0
INVAR-19, Run: 084, P, 35, 0, 0, 0, 0
INVAR-19, Run: 085, P, 35, 0, 0, 0, 0
INVAR-19, Run: 086, P, 35, 0, 0, 0, 0
INVAR-19, Run: 087, P, 35, 0, 0, 0, 0
INVAR-19, Run: 088, P, 35, 0, 0, 0, 0
INVAR-19, Run: 089, P, 35, 0, 0, 0, 0
INVAR-19, Run: 090, P, 35, 0, 0, 0, 0
INVAR-19, Run: 091, P, 35, 0, 0, 0, 0
INVAR-19, Run: 092, P, 35, 0, 0, 0, 0
INVAR-19, Run: 093, P, 35, 0, 0, 0, 0
INVAR-19, Run: 094, P, 35, 0, 0, 0, 0
INVAR-19, Run: 095, P, 35, 0, 0, 0, 0
INVAR-19, Run: 096, P, 35, 0, 0, 0, 0
INVAR-19, Run: 097, P, 35, 0, 0, 0, 0
INVAR-19, Run: 098, P, 35, 0, 0, 0, 0
INVAR-19, Run: 099, P, 35, 0, 0, 0, 0
INVAR-19, Run: 100, P, 35, 0, 0, 0, 0
INVAR-2, Run: 001, F, 26, 0, 24, 42, 18
INVAR-2, Run: 002, F, 20, 0, 36, 48, 12
INVAR-2, Run: 003, F, 24, 0, 28, 44, 16
INVAR-2, Run: 004, F, 28, 0, 20, 40, 20
INVAR-2, Run: 005, F, 29, 0, 18, 39, 21
INVAR-2, Run: 006, F, 26, 0, 24, 42, 18
INVAR-2, Run: 007, F, 27, 0, 22, 41, 19
INVAR-2, Run: 008, F, 25, 0, 26, 43, 17
INVAR-2, Run: 009, F, 27, 0, 22, 41, 19
INVAR-2, Run: 010, F, 23, 0, 30, 45, 15
INVAR-2, Run: 011, F, 23, 0, 30, 45, 15
INVAR-2, Run: 012, F, 27, 0, 22, 41, 19
INVAR-2, Run: 013, F, 26, 0, 24, 42, 18
INVAR-2, Run: 014, F, 27, 0, 22, 41, 19
INVAR-2, Run: 015, F, 26, 0, 24, 42, 18
INVAR-2, Run: 016, F, 27, 0, 22, 41, 19
INVAR-2, Run: 017, F, 25, 0, 26, 43, 17
INVAR-2, Run: 018, F, 25, 0, 26, 43, 17
INVAR-2, Run: 019, F, 24, 0, 28, 44, 16
INVAR-2, Run: 020, F, 25, 0, 26, 43, 17
INVAR-2, Run: 021, F, 27, 0, 22, 41, 19
INVAR-2, Run: 022, F, 27, 0, 22, 41, 19
INVAR-2, Run: 023, F, 25, 0, 26, 43, 17
INVAR-2, Run: 024, F, 25, 0, 26, 43, 17
INVAR-2, Run: 025, F, 24, 0, 28, 44, 16
INVAR-2, Run: 026, F, 23, 0, 30, 45, 15
INVAR-2, Run: 027, F, 27, 0, 22, 41, 19
INVAR-2, Run: 028, F, 26, 0, 24, 42, 18
INVAR-2, Run: 029, F, 25, 0, 26, 43, 17
INVAR-2, Run: 030, F, 24, 0, 28, 44, 16
INVAR-2, Run: 031, F, 28, 0, 20, 40, 20
INVAR-2, Run: 032, F, 25, 0, 26, 43, 17
INVAR-2, Run: 033, F, 28, 0, 20, 40, 20
INVAR-2, Run: 034, F, 26, 0, 24, 42, 18
INVAR-2, Run: 035, F, 22, 0, 32, 46, 14
INVAR-2, Run: 036, F, 25, 0, 26, 43, 17
INVAR-2, Run: 037, F, 26, 0, 24, 42, 18
INVAR-2, Run: 038, F, 28, 0, 20, 40, 20
INVAR-2, Run: 039, F, 26, 0, 24, 42, 18
INVAR-2, Run: 040, F, 25, 0, 26, 43, 17
INVAR-2, Run: 041, F, 26, 0, 24, 42, 18
INVAR-2, Run: 042, F, 23, 0, 30, 45, 15
INVAR-2, Run: 043, F, 23, 0, 30, 45, 15
INVAR-2, Run: 044, F, 24, 0, 28, 44, 16
INVAR-2, Run: 045, F, 24, 0, 28, 44, 16
INVAR-2, Run: 046, F, 26, 0, 24, 42, 18
INVAR-2, Run: 047, F, 24, 0, 28, 44, 16
INVAR-2, Run: 048, F, 28, 0, 20, 40, 20
INVAR-2, Run: 049, F, 26, 0, 24, 42, 18
INVAR-2, Run: 050, F, 27, 0, 22, 41, 19
INVAR-2, Run: 051, F, 26, 0, 24, 42, 18
INVAR-2, Run: 052, F, 29, 0, 18, 39, 21
INVAR-2, Run: 053, F, 22, 0, 32, 46, 14
INVAR-2, Run: 054, F, 23, 0, 30, 45, 15
INVAR-2, Run: 055, F, 29, 0, 18, 39, 21
INVAR-2, Run: 056, F, 22, 0, 32, 46, 14
INVAR-2, Run: 057, F, 26, 0, 24, 42, 18
INVAR-2, Run: 058, F, 24, 0, 28, 44, 16
INVAR-2, Run: 059, F, 21, 0, 34, 47, 13
INVAR-2, Run: 060, F, 28, 0, 20, 40, 20
INVAR-2, Run: 061, F, 26, 0, 24, 42, 18
INVAR-2, Run: 062, F, 26, 0, 24, 42, 18
INVAR-2, Run: 063, F, 27, 0, 22, 41, 19
INVAR-2, Run: 064, F, 26, 0, 24, 42, 18
INVAR-2, Run: 065, F, 25, 0, 26, 43, 17
INVAR-2, Run: 066, F, 25, 0, 26, 43, 17
INVAR-2, Run: 067, F, 28, 0, 20, 40, 20
INVAR-2, Run: 068, F, 26, 0, 24, 42, 18
INVAR-2, Run: 069, F, 24, 0, 28, 44, 16
INVAR-2, Run: 070, F, 27, 0, 22, 41, 19
INVAR-2, Run: 071, F, 24, 0, 28, 44, 16
INVAR-2, Run: 072, F, 26, 0, 24, 42, 18
INVAR-2, Run: 073, F, 23, 0, 30, 45, 15
INVAR-2, Run: 074, F, 23, 0, 30, 45, 15
INVAR-2, Run: 075, F, 23, 0, 30, 45, 15
INVAR-2, Run: 076, F, 22, 0, 32, 46, 14
INVAR-2, Run: 077, F, 25, 0, 26, 43, 17
INVAR-2, Run: 078, F, 24, 0, 28, 44, 16
INVAR-2, Run: 079, F, 26, 0, 24, 42, 18
INVAR-2, Run: 080, F, 24, 0, 28, 44, 16
INVAR-2, Run: 081, F, 25, 0, 26, 43, 17
INVAR-2, Run: 082, F, 27, 0, 22, 41, 19
INVAR-2, Run: 083, F, 25, 0, 26, 43, 17
INVAR-2, Run: 084, F, 24, 0, 28, 44, 16
INVAR-2, Run: 085, F, 27, 0, 22, 41, 19
INVAR-2, Run: 086, F, 24, 0, 28, 44, 16
INVAR-2, Run: 087, F, 27, 0, 22, 41, 19
INVAR-2, Run: 088, F, 23, 0, 30, 45, 15
INVAR-2, Run: 089, F, 26, 0, 24, 42, 18
INVAR-2, Run: 090, F, 22, 0, 32, 46, 14
INVAR-2, Run: 091, F, 23, 0, 30, 45, 15
INVAR-2, Run: 092, F, 25, 0, 26, 43, 17
INVAR-2, Run: 093, F, 26, 0, 24, 42, 18
INVAR-2, Run: 094, F, 27, 0, 22, 41, 19
INVAR-2, Run: 095, F, 24, 0, 28, 44, 16
INVAR-2, Run: 096, F, 23, 0, 30, 45, 15
INVAR-2, Run: 097, F, 26, 0, 24, 42, 18
INVAR-2, Run: 098, F, 23, 0, 30, 45, 15
INVAR-2, Run: 099, F, 24, 0, 28, 44, 16
INVAR-2, Run: 100, F, 25, 0, 26, 43, 17
INVAR-20, Run: 001, P, 91, 0, 0, 0, 0
INVAR-20, Run: 002, P, 91, 0, 0, 0, 0
INVAR-20, Run: 003, P, 91, 0, 0, 0, 0
INVAR-20, Run: 004, P, 91, 0, 0, 0, 0
INVAR-20, Run: 005, P, 91, 0, 0, 0, 0
INVAR-20, Run: 006, P, 91, 0, 0, 0, 0
INVAR-20, Run: 007, P, 91, 0, 0, 0, 0
INVAR-20, Run: 008, P, 91, 0, 0, 0, 0
INVAR-20, Run: 009, P, 91, 0, 0, 0, 0
INVAR-20, Run: 010, P, 91, 0, 0, 0, 0
INVAR-20, Run: 011, P, 91, 0, 0, 0, 0
INVAR-20, Run: 012, P, 91, 0, 0, 0, 0
INVAR-20, Run: 013, P, 91, 0, 0, 0, 0
INVAR-20, Run: 014, P, 91, 0, 0, 0, 0
INVAR-20, Run: 015, P, 91, 0, 0, 0, 0
INVAR-20, Run: 016, P, 91, 0, 0, 0, 0
INVAR-20, Run: 017, P, 91, 0, 0, 0, 0
INVAR-20, Run: 018, P, 91, 0, 0, 0, 0
INVAR-20, Run: 019, P, 91, 0, 0, 0, 0
INVAR-20, Run: 020, P, 91, 0, 0, 0, 0
INVAR-20, Run: 021, P, 91, 0, 0, 0, 0
INVAR-20, Run: 022, P, 91, 0, 0, 0, 0
INVAR-20, Run: 023, P, 91, 0, 0, 0, 0
INVAR-20, Run: 024, P, 91, 0, 0, 0, 0
INVAR-20, Run: 025, P, 91, 0, 0, 0, 0
INVAR-20, Run: 026, P, 91, 0, 0, 0, 0
INVAR-20, Run: 027, P, 91, 0, 0, 0, 0
INVAR-20, Run: 028, P, 91, 0, 0, 0, 0
INVAR-20, Run: 029, P, 91, 0, 0, 0, 0
INVAR-20, Run: 030, P, 91, 0, 0, 0, 0
INVAR-20, Run: 031, P, 91, 0, 0, 0, 0
INVAR-20, Run: 032, P, 91, 0, 0, 0, 0
INVAR-20, Run: 033, P, 91, 0, 0, 0, 0
INVAR-20, Run: 034, P, 91, 0, 0, 0, 0
INVAR-20, Run: 035, P, 91, 0, 0, 0, 0
INVAR-20, Run: 036, P, 91, 0, 0, 0, 0
INVAR-20, Run: 037, P, 91, 0, 0, 0, 0
INVAR-20, Run: 038, P, 91, 0, 0, 0, 0
INVAR-20, Run: 039, P, 91, 0, 0, 0, 0
INVAR-20, Run: 040, P, 91, 0, 0, 0, 0
INVAR-20, Run: 041, P, 91, 0, 0, 0, 0
INVAR-20, Run: 042, P, 91, 0, 0, 0, 0
INVAR-20, Run: 043, P, 91, 0, 0, 0, 0
INVAR-20, Run: 044, P, 91, 0, 0, 0, 0
INVAR-20, Run: 045, P, 91, 0, 0, 0, 0
INVAR-20, Run: 046, P, 91, 0, 0, 0, 0
INVAR-20, Run: 047, P, 91, 0, 0, 0, 0
INVAR-20, Run: 048, P, 91, 0, 0, 0, 0
INVAR-20, Run: 049, P, 91, 0, 0, 0, 0
INVAR-20, Run: 050, P, 91, 0, 0, 0, 0
INVAR-20, Run: 051, P, 91, 0, 0, 0, 0
INVAR-20, Run: 052, P, 91, 0, 0, 0, 0
INVAR-20, Run: 053, P, 91, 0, 0, 0, 0
INVAR-20, Run: 054, P, 91, 0, 0, 0, 0
INVAR-20, Run: 055, P, 91, 0, 0, 0, 0
INVAR-20, Run: 056, P, 91, 0, 0, 0, 0
INVAR-20, Run: 057, P, 91, 0, 0, 0, 0
INVAR-20, Run: 058, P, 91, 0, 0, 0, 0
INVAR-20, Run: 059, P, 91, 0, 0, 0, 0
INVAR-20, Run: 060, P, 91, 0, 0, 0, 0
INVAR-20, Run: 061, P, 91, 0, 0, 0, 0
INVAR-20, Run: 062, P, 91, 0, 0, 0, 0
INVAR-20, Run: 063, P, 91, 0, 0, 0, 0
INVAR-20, Run: 064, P, 91, 0, 0, 0, 0
INVAR-20, Run: 065, P, 91, 0, 0, 0, 0
INVAR-20, Run: 066, P, 91, 0, 0, 0, 0
INVAR-20, Run: 067, P, 91, 0, 0, 0, 0
INVAR-20, Run: 068, P, 91, 0, 0, 0, 0
INVAR-20, Run: 069, P, 91, 0, 0, 0, 0
INVAR-20, Run: 070, P, 91, 0, 0, 0, 0
INVAR-20, Run: 071, P, 91, 0, 0, 0, 0
INVAR-20, Run: 072, P, 91, 0, 0, 0, 0
INVAR-20, Run: 073, P, 91, 0, 0, 0, 0
INVAR-20, Run: 074, P, 91, 0, 0, 0, 0
INVAR-20, Run: 075, P, 91, 0, 0, 0, 0
INVAR-20, Run: 076, P, 91, 0, 0, 0, 0
INVAR-20, Run: 077, P, 91, 0, 0, 0, 0
INVAR-20, Run: 078, P, 91, 0, 0, 0, 0
INVAR-20, Run: 079, P, 91, 0, 0, 0, 0
INVAR-20, Run: 080, P, 91, 0, 0, 0, 0
INVAR-20, Run: 081, P, 91, 0, 0, 0, 0
INVAR-20, Run: 082, P, 91, 0, 0, 0, 0
INVAR-20, Run: 083, P, 91, 0, 0, 0, 0
INVAR-20, Run: 084, P, 91, 0, 0, 0, 0
INVAR-20, Run: 085, P, 91, 0, 0, 0, 0
INVAR-20, Run: 086, P, 91, 0, 0, 0, 0
INVAR-20, Run: 087, P, 91, 0, 0, 0, 0
INVAR-20, Run: 088, P, 91, 0, 0, 0, 0
INVAR-20, Run: 089, P, 91, 0, 0, 0, 0
INVAR-20, Run: 090, P, 91, 0, 0, 0, 0
INVAR-20, Run: 091, P, 91, 0, 0, 0, 0
INVAR-20, Run: 092, P, 91, 0, 0, 0, 0
INVAR-20, Run: 093, P, 91, 0, 0, 0, 0
INVAR-20, Run: 094, P, 91, 0, 0, 0, 0
INVAR-20, Run: 095, P, 91, 0, 0, 0, 0
INVAR-20, Run: 096, P, 91, 0, 0, 0, 0
INVAR-20, Run: 097, P, 91, 0, 0, 0, 0
INVAR-20, Run: 098, P, 91, 0, 0, 0, 0
INVAR-20, Run: 099, P, 91, 0, 0, 0, 0
INVAR-20, Run: 100, P, 91, 0, 0, 0, 0
INVAR-21, Run: 001, P, 133, 0, 0, 0, 0
INVAR-21, Run: 002, P, 133, 0, 0, 0, 0
INVAR-21, Run: 003, P, 133, 0, 0, 0, 0
INVAR-21, Run: 004, P, 133, 0, 0, 0, 0
INVAR-21, Run: 005, P, 133, 0, 0, 0, 0
INVAR-21, Run: 006, P, 133, 0, 0, 0, 0
INVAR-21, Run: 007, P, 133, 0, 0, 0, 0
INVAR-21, Run: 008, P, 133, 0, 0, 0, 0
INVAR-21, Run: 009, P, 133, 0, 0, 0, 0
INVAR-21, Run: 010, P, 133, 0, 0, 0, 0
INVAR-21, Run: 011, P, 133, 0, 0, 0, 0
INVAR-21, Run: 012, P, 133, 0, 0, 0, 0
INVAR-21, Run: 013, P, 133, 0, 0, 0, 0
INVAR-21, Run: 014, P, 133, 0, 0, 0, 0
INVAR-21, Run: 015, P, 133, 0, 0, 0, 0
INVAR-21, Run: 016, P, 133, 0, 0, 0, 0
INVAR-21, Run: 017, P, 133, 0, 0, 0, 0
INVAR-21, Run: 018, P, 133, 0, 0, 0, 0
INVAR-21, Run: 019, P, 133, 0, 0, 0, 0
INVAR-21, Run: 020, P, 133, 0, 0, 0, 0
INVAR-21, Run: 021, P, 133, 0, 0, 0, 0
INVAR-21, Run: 022, P, 133, 0, 0, 0, 0
INVAR-21, Run: 023, P, 133, 0, 0, 0, 0
INVAR-21, Run: 024, P, 133, 0, 0, 0, 0
INVAR-21, Run: 025, P, 133, 0, 0, 0, 0
INVAR-21, Run: 026, P, 133, 0, 0, 0, 0
INVAR-21, Run: 027, P, 133, 0, 0, 0, 0
INVAR-21, Run: 028, P, 133, 0, 0, 0, 0
INVAR-21, Run: 029, P, 133, 0, 0, 0, 0
INVAR-21, Run: 030, P, 133, 0, 0, 0, 0
INVAR-21, Run: 031, P, 133, 0, 0, 0, 0
INVAR-21, Run: 032, P, 133, 0, 0, 0, 0
INVAR-21, Run: 033, P, 133, 0, 0, 0, 0
INVAR-21, Run: 034, P, 133, 0, 0, 0, 0
INVAR-21, Run: 035, P, 133, 0, 0, 0, 0
INVAR-21, Run: 036, P, 133, 0, 0, 0, 0
INVAR-21, Run: 037, P, 133, 0, 0, 0, 0
INVAR-21, Run: 038, P, 133, 0, 0, 0, 0
INVAR-21, Run: 039, P, 133, 0, 0, 0, 0
INVAR-21, Run: 040, P, 133, 0, 0, 0, 0
INVAR-21, Run: 041, P, 133, 0, 0, 0, 0
INVAR-21, Run: 042, P, 133, 0, 0, 0, 0
INVAR-21, Run: 043, P, 133, 0, 0, 0, 0
INVAR-21, Run: 044, P, 133, 0, 0, 0, 0
INVAR-21, Run: 045, P, 133, 0, 0, 0, 0
INVAR-21, Run: 046, P, 133, 0, 0, 0, 0
INVAR-21, Run: 047, P, 133, 0, 0, 0, 0
INVAR-21, Run: 048, P, 133, 0, 0, 0, 0
INVAR-21, Run: 049, P, 133, 0, 0, 0, 0
INVAR-21, Run: 050, P, 133, 0, 0, 0, 0
INVAR-21, Run: 051, P, 133, 0, 0, 0, 0
INVAR-21, Run: 052, P, 133, 0, 0, 0, 0
INVAR-21, Run: 053, P, 133, 0, 0, 0, 0
INVAR-21, Run: 054, P, 133, 0, 0, 0, 0
INVAR-21, Run: 055, P, 133, 0, 0, 0, 0
INVAR-21, Run: 056, P, 133, 0, 0, 0, 0
INVAR-21, Run: 057, P, 133, 0, 0, 0, 0
INVAR-21, Run: 058, P, 133, 0, 0, 0, 0
INVAR-21, Run: 059, P, 133, 0, 0, 0, 0
INVAR-21, Run: 060, P, 133, 0, 0, 0, 0
INVAR-21, Run: 061, P, 133, 0, 0, 0, 0
INVAR-21, Run: 062, P, 133, 0, 0, 0, 0
INVAR-21, Run: 063, P, 133, 0, 0, 0, 0
INVAR-21, Run: 064, P, 133, 0, 0, 0, 0
INVAR-21, Run: 065, P, 133, 0, 0, 0, 0
INVAR-21, Run: 066, P, 133, 0, 0, 0, 0
INVAR-21, Run: 067, P, 133, 0, 0, 0, 0
INVAR-21, Run: 068, P, 133, 0, 0, 0, 0
INVAR-21, Run: 069, P, 133, 0, 0, 0, 0
INVAR-21, Run: 070, P, 133, 0, 0, 0, 0
INVAR-21, Run: 071, P, 133, 0, 0, 0, 0
INVAR-21, Run: 072, P, 133, 0, 0, 0, 0
INVAR-21, Run: 073, P, 133, 0, 0, 0, 0
INVAR-21, Run: 074, P, 133, 0, 0, 0, 0
INVAR-21, Run: 075, P, 133, 0, 0, 0, 0
INVAR-21, Run: 076, P, 133, 0, 0, 0, 0
INVAR-21, Run: 077, P, 133, 0, 0, 0, 0
INVAR-21, Run: 078, P, 133, 0, 0, 0, 0
INVAR-21, Run: 079, P, 133, 0, 0, 0, 0
INVAR-21, Run: 080, P, 133, 0, 0, 0, 0
INVAR-21, Run: 081, P, 133, 0, 0, 0, 0
INVAR-21, Run: 082, P, 133, 0, 0, 0, 0
INVAR-21, Run: 083, P, 133, 0, 0, 0, 0
INVAR-21, Run: 084, P, 133, 0, 0, 0, 0
INVAR-21, Run: 085, P, 133, 0, 0, 0, 0
INVAR-21, Run: 086, P, 133, 0, 0, 0, 0
INVAR-21, Run: 087, P, 133, 0, 0, 0, 0
INVAR-21, Run: 088, P, 133, 0, 0, 0, 0
INVAR-21, Run: 089, P, 133, 0, 0, 0, 0
INVAR-21, Run: 090, P, 133, 0, 0, 0, 0
INVAR-21, Run: 091, P, 133, 0, 0, 0, 0
INVAR-21, Run: 092, P, 133, 0, 0, 0, 0
INVAR-21, Run: 093, P, 133, 0, 0, 0, 0
INVAR-21, Run: 094, P, 133, 0, 0, 0, 0
INVAR-21, Run: 095, P, 133, 0, 0, 0, 0
INVAR-21, Run: 096, P, 133, 0, 0, 0, 0
INVAR-21, Run: 097, P, 133, 0, 0, 0, 0
INVAR-21, Run: 098, P, 133, 0, 0, 0, 0
INVAR-21, Run: 099, P, 133, 0, 0, 0, 0
INVAR-21, Run: 100, P, 133, 0, 0, 0, 0
INVAR-22, Run: 001, F, 32, 0, 15, 18, 3
INVAR-22, Run: 002, F, 31, 0, 17, 19, 2
INVAR-22, Run: 003, F, 32, 0, 15, 18, 3
INVAR-22, Run: 004, F, 33, 0, 13, 17, 4
INVAR-22, Run: 005, F, 34, 0, 11, 16, 5
INVAR-22, Run: 006, F, 33, 0, 13, 17, 4
INVAR-22, Run: 007, F, 33, 0, 13, 17, 4
INVAR-22, Run: 008, F, 33, 0, 13, 17, 4
INVAR-22, Run: 009, F, 32, 0, 15, 18, 3
INVAR-22, Run: 010, F, 31, 0, 17, 19, 2
INVAR-22, Run: 011, F, 30, 0, 19, 20, 1
INVAR-22, Run: 012, F, 31, 0, 17, 19, 2
INVAR-22, Run: 013, F, 32, 0, 15, 18, 3
INVAR-22, Run: 014, F, 33, 0, 13, 17, 4
INVAR-22, Run: 015, F, 32, 0, 15, 18, 3
INVAR-22, Run: 016, F, 32, 0, 15, 18, 3
INVAR-22, Run: 017, F, 33, 0, 13, 17, 4
INVAR-22, Run: 018, F, 32, 0, 15, 18, 3
INVAR-22, Run: 019, F, 33, 0, 13, 17, 4
INVAR-22, Run: 020, F, 32, 0, 15, 18, 3
INVAR-22, Run: 021, F, 31, 0, 17, 19, 2
INVAR-22, Run: 022, F, 34, 0, 11, 16, 5
INVAR-22, Run: 023, F, 33, 0, 13, 17, 4
INVAR-22, Run: 024, F, 33, 0, 13, 17, 4
INVAR-22, Run: 025, F, 30, 0, 19, 20, 1
INVAR-22, Run: 026, F, 34, 0, 11, 16, 5
INVAR-22, Run: 027, F, 32, 0, 15, 18, 3
INVAR-22, Run: 028, F, 32, 0, 15, 18, 3
INVAR-22, Run: 029, F, 34, 0, 11, 16, 5
INVAR-22, Run: 030, F, 34, 0, 11, 16, 5
INVAR-22, Run: 031, F, 33, 0, 13, 17, 4
INVAR-22, Run: 032, F, 32, 0, 15, 18, 3
INVAR-22, Run: 033, F, 34, 0, 11, 16, 5
INVAR-22, Run: 034, F, 35, 0, 9, 15, 6
INVAR-22, Run: 035, F, 33, 0, 13, 17, 4
INVAR-22, Run: 036, F, 36, 0, 7, 14, 7
INVAR-22, Run: 037, F, 31, 0, 17, 19, 2
INVAR-22, Run: 038, F, 34, 0, 11, 16, 5
INVAR-22, Run: 039, F, 33, 0, 13, 17, 4
INVAR-22, Run: 040, F, 33, 0, 13, 17, 4
INVAR-22, Run: 041, F, 31, 0, 17, 19, 2
INVAR-22, Run: 042, F, 34, 0, 11, 16, 5
INVAR-22, Run: 043, F, 35, 0, 9, 15, 6
INVAR-22, Run: 044, F, 32, 0, 15, 18, 3
INVAR-22, Run: 045, F, 33, 0, 13, 17, 4
INVAR-22, Run: 046, F, 31, 0, 17, 19, 2
INVAR-22, Run: 047, F, 32, 0, 15, 18, 3
INVAR-22, Run: 048, F, 33, 0, 13, 17, 4
INVAR-22, Run: 049, F, 30, 0, 19, 20, 1
INVAR-22, Run: 050, F, 33, 0, 13, 17, 4
INVAR-22, Run: 051, F, 33, 0, 13, 17, 4
INVAR-22, Run: 052, F, 33, 0, 13, 17, 4
INVAR-22, Run: 053, F, 32, 0, 15, 18, 3
INVAR-22, Run: 054, F, 34, 0, 11, 16, 5
INVAR-22, Run: 055, F, 34, 0, 11, 16, 5
INVAR-22, Run: 056, F, 32, 0, 15, 18, 3
INVAR-22, Run: 057, F, 34, 0, 11, 16, 5
INVAR-22, Run: 058, F, 31, 0, 17, 19, 2
INVAR-22, Run: 059, F, 35, 0, 9, 15, 6
INVAR-22, Run: 060, F, 34, 0, 11, 16, 5
INVAR-22, Run: 061, F, 32, 0, 15, 18, 3
INVAR-22, Run: 062, F, 31, 0, 17, 19, 2
INVAR-22, Run: 063, F, 31, 0, 17, 19, 2
INVAR-22, Run: 064, F, 32, 0, 15, 18, 3
INVAR-22, Run: 065, F, 34, 0, 11, 16, 5
INVAR-22, Run: 066, F, 30, 0, 19, 20, 1
INVAR-22, Run: 067, F, 33, 0, 13, 17, 4
INVAR-22, Run: 068, F, 34, 0, 11, 16, 5
INVAR-22, Run: 069, F, 31, 0, 17, 19, 2
INVAR-22, Run: 070, F, 32, 0, 15, 18, 3
INVAR-22, Run: 071, F, 32, 0, 15, 18, 3
INVAR-22, Run: 072, F, 33, 0, 13, 17, 4
INVAR-22, Run: 073, F, 33, 0, 13, 17, 4
INVAR-22, Run: 074, F, 34, 0, 11, 16, 5
INVAR-22, Run: 075, F, 33, 0, 13, 17, 4
INVAR-22, Run: 076, F, 35, 0, 9, 15, 6
INVAR-22, Run: 077, F, 34, 0, 11, 16, 5
INVAR-22, Run: 078, F, 31, 0, 17, 19, 2
INVAR-22, Run: 079, F, 34, 0, 11, 16, 5
INVAR-22, Run: 080, F, 33, 0, 13, 17, 4
INVAR-22, Run: 081, F, 32, 0, 15, 18, 3
INVAR-22, Run: 082, F, 32, 0, 15, 18, 3
INVAR-22, Run: 083, F, 29, 0, 21, 21, 0
INVAR-22, Run: 084, F, 33, 0, 13, 17, 4
INVAR-22, Run: 085, F, 33, 0, 13, 17, 4
INVAR-22, Run: 086, F, 34, 0, 11, 16, 5
INVAR-22, Run: 087, F, 33, 0, 13, 17, 4
INVAR-22, Run: 088, F, 31, 0, 17, 19, 2
INVAR-22, Run: 089, F, 30, 0, 19, 20, 1
INVAR-22, Run: 090, F, 31, 0, 17, 19, 2
INVAR-22, Run: 091, F, 32, 0, 15, 18, 3
INVAR-22, Run: 092, F, 33, 0, 13, 17, 4
INVAR-22, Run: 093, F, 31, 0, 17, 19, 2
INVAR-22, Run: 094, F, 31, 0, 17, 19, 2
INVAR-22, Run: 095, F, 32, 0, 15, 18, 3
INVAR-22, Run: 096, F, 34, 0, 11, 16, 5
INVAR-22, Run: 097, F, 33, 0, 13, 17, 4
INVAR-22, Run: 098, F, 34, 0, 11, 16, 5
INVAR-22, Run: 099, F, 31, 0, 17, 19, 2
INVAR-22, Run: 100, F, 34, 0, 11, 16, 5
INVAR-23, Run: 001, F, 54, 0, 35, 46, 11
INVAR-23, Run: 002, F, 55, 0, 33, 45, 12
INVAR-23, Run: 003, F, 53, 0, 37, 47, 10
INVAR-23, Run: 004, F, 51, 0, 41, 49, 8
INVAR-23, Run: 005, F, 56, 0, 31, 44, 13
INVAR-23, Run: 006, F, 56, 0, 31, 44, 13
INVAR-23, Run: 007, F, 54, 0, 35, 46, 11
INVAR-23, Run: 008, F, 56, 0, 31, 44, 13
INVAR-23, Run: 009, F, 55, 0, 33, 45, 12
INVAR-23, Run: 010, F, 52, 0, 39, 48, 9
INVAR-23, Run: 011, F, 53, 0, 37, 47, 10
INVAR-23, Run: 012, F, 52, 0, 39, 48, 9
INVAR-23, Run: 013, F, 54, 0, 35, 46, 11
INVAR-23, Run: 014, F, 52, 0, 39, 48, 9
INVAR-23, Run: 015, F, 57, 0, 29, 43, 14
INVAR-23, Run: 016, F, 56, 0, 31, 44, 13
INVAR-23, Run: 017, F, 53, 0, 37, 47, 10
INVAR-23, Run: 018, F, 52, 0, 39, 48, 9
INVAR-23, Run: 019, F, 56, 0, 31, 44, 13
INVAR-23, Run: 020, F, 54, 0, 35, 46, 11
INVAR-23, Run: 021, F, 54, 0, 35, 46, 11
INVAR-23, Run: 022, F, 55, 0, 33, 45, 12
INVAR-23, Run: 023, F, 54, 0, 35, 46, 11
INVAR-23, Run: 024, F, 55, 0, 33, 45, 12
INVAR-23, Run: 025, F, 56, 0, 31, 44, 13
INVAR-23, Run: 026, F, 55, 0, 33, 45, 12
INVAR-23, Run: 027, F, 53, 0, 37, 47, 10
INVAR-23, Run: 028, F, 56, 0, 31, 44, 13
INVAR-23, Run: 029, F, 56, 0, 31, 44, 13
INVAR-23, Run: 030, F, 57, 0, 29, 43, 14
INVAR-23, Run: 031, F, 53, 0, 37, 47, 10
INVAR-23, Run: 032, F, 52, 0, 39, 48, 9
INVAR-23, Run: 033, F, 56, 0, 31, 44, 13
INVAR-23, Run: 034, F, 55, 0, 33, 45, 12
INVAR-23, Run: 035, F, 58, 0, 27, 42, 15
INVAR-23, Run: 036, F, 55, 0, 33, 45, 12
INVAR-23, Run: 037, F, 51, 0, 41, 49, 8
INVAR-23, Run: 038, F, 56, 0, 31, 44, 13
INVAR-23, Run: 039, F, 56, 0, 31, 44, 13
INVAR-23, Run: 040, F, 54, 0, 35, 46, 11
INVAR-23, Run: 041, F, 52, 0, 39, 48, 9
INVAR-23, Run: 042, F, 55, 0, 33, 45, 12
INVAR-23, Run: 043, F, 52, 0, 39, 48, 9
INVAR-23, Run: 044, F, 56, 0, 31, 44, 13
INVAR-23, Run: 045, F, 57, 0, 29, 43, 14
INVAR-23, Run: 046, F, 56, 0, 31, 44, 13
INVAR-23, Run: 047, F, 56, 0, 31, 44, 13
INVAR-23, Run: 048, F, 58, 0, 27, 42, 15
INVAR-23, Run: 049, F, 57, 0, 29, 43, 14
INVAR-23, Run: 050, F, 53, 0, 37, 47, 10
INVAR-23, Run: 051, F, 56, 0, 31, 44, 13
INVAR-23, Run: 052, F, 54, 0, 35, 46, 11
INVAR-23, Run: 053, F, 57, 0, 29, 43, 14
INVAR-23, Run: 054, F, 55, 0, 33, 45, 12
INVAR-23, Run: 055, F, 55, 0, 33, 45, 12
INVAR-23, Run: 056, F, 54, 0, 35, 46, 11
INVAR-23, Run: 057, F, 56, 0, 31, 44, 13
INVAR-23, Run: 058, F, 56, 0, 31, 44, 13
INVAR-23, Run: 059, F, 57, 0, 29, 43, 14
INVAR-23, Run: 060, F, 54, 0, 35, 46, 11
INVAR-23, Run: 061, F, 56, 0, 31, 44, 13
INVAR-23, Run: 062, F, 56, 0, 31, 44, 13
INVAR-23, Run: 063, F, 56, 0, 31, 44, 13
INVAR-23, Run: 064, F, 49, 0, 45, 51, 6
INVAR-23, Run: 065, F, 56, 0, 31, 44, 13
INVAR-23, Run: 066, F, 54, 0, 35, 46, 11
INVAR-23, Run: 067, F, 56, 0, 31, 44, 13
INVAR-23, Run: 068, F, 55, 0, 33, 45, 12
INVAR-23, Run: 069, F, 56, 0, 31, 44, 13
INVAR-23, Run: 070, F, 54, 0, 35, 46, 11
INVAR-23, Run: 071, F, 54, 0, 35, 46, 11
INVAR-23, Run: 072, F, 52, 0, 39, 48, 9
INVAR-23, Run: 073, F, 56, 0, 31, 44, 13
INVAR-23, Run: 074, F, 52, 0, 39, 48, 9
INVAR-23, Run: 075, F, 55, 0, 33, 45, 12
INVAR-23, Run: 076, F, 57, 0, 29, 43, 14
INVAR-23, Run: 077, F, 55, 0, 33, 45, 12
INVAR-23, Run: 078, F, 57, 0, 29, 43, 14
INVAR-23, Run: 079, F, 59, 0, 25, 41, 16
INVAR-23, Run: 080, F, 58, 0, 27, 42, 15
INVAR-23, Run: 081, F, 59, 0, 25, 41, 16
INVAR-23, Run: 082, F, 55, 0, 33, 45, 12
INVAR-23, Run: 083, F, 55, 0, 33, 45, 12
INVAR-23, Run: 084, F, 53, 0, 37, 47, 10
INVAR-23, Run: 085, F, 57, 0, 29, 43, 14
INVAR-23, Run: 086, F, 52, 0, 39, 48, 9
INVAR-23, Run: 087, F, 54, 0, 35, 46, 11
INVAR-23, Run: 088, F, 54, 0, 35, 46, 11
INVAR-23, Run: 089, F, 54, 0, 35, 46, 11
INVAR-23, Run: 090, F, 56, 0, 31, 44, 13
INVAR-23, Run: 091, F, 55, 0, 33, 45, 12
INVAR-23, Run: 092, F, 56, 0, 31, 44, 13
INVAR-23, Run: 093, F, 50, 0, 43, 50, 7
INVAR-23, Run: 094, F, 52, 0, 39, 48, 9
INVAR-23, Run: 095, F, 59, 0, 25, 41, 16
INVAR-23, Run: 096, F, 58, 0, 27, 42, 15
INVAR-23, Run: 097, F, 55, 0, 33, 45, 12
INVAR-23, Run: 098, F, 58, 0, 27, 42, 15
INVAR-23, Run: 099, F, 58, 0, 27, 42, 15
INVAR-23, Run: 100, F, 59, 0, 25, 41, 16
INVAR-24, Run: 001, F, 79, 0, 77, 121, 44
INVAR-24, Run: 002, F, 81, 0, 73, 119, 46
INVAR-24, Run: 003, F, 83, 0, 69, 117, 48
INVAR-24, Run: 004, F, 81, 0, 73, 119, 46
INVAR-24, Run: 005, F, 86, 0, 63, 114, 51
INVAR-24, Run: 006, F, 82, 0, 71, 118, 47
INVAR-24, Run: 007, F, 81, 0, 73, 119, 46
INVAR-24, Run: 008, F, 78, 0, 79, 122, 43
INVAR-24, Run: 009, F, 82, 0, 71, 118, 47
INVAR-24, Run: 010, F, 87, 0, 61, 113, 52
INVAR-24, Run: 011, F, 81, 0, 73, 119, 46
INVAR-24, Run: 012, F, 82, 0, 71, 118, 47
INVAR-24, Run: 013, F, 84, 0, 67, 116, 49
INVAR-24, Run: 014, F, 76, 0, 83, 124, 41
INVAR-24, Run: 015, F, 78, 0, 79, 122, 43
INVAR-24, Run: 016, F, 80, 0, 75, 120, 45
INVAR-24, Run: 017, F, 73, 0, 89, 127, 38
INVAR-24, Run: 018, F, 83, 0, 69, 117, 48
INVAR-24, Run: 019, F, 81, 0, 73, 119, 46
INVAR-24, Run: 020, F, 85, 0, 65, 115, 50
INVAR-24, Run: 021, F, 78, 0, 79, 122, 43
INVAR-24, Run: 022, F, 83, 0, 69, 117, 48
INVAR-24, Run: 023, F, 74, 0, 87, 126, 39
INVAR-24, Run: 024, F, 78, 0, 79, 122, 43
INVAR-24, Run: 025, F, 78, 0, 79, 122, 43
INVAR-24, Run: 026, F, 82, 0, 71, 118, 47
INVAR-24, Run: 027, F, 78, 0, 79, 122, 43
INVAR-24, Run: 028, F, 81, 0, 73, 119, 46
INVAR-24, Run: 029, F, 80, 0, 75, 120, 45
INVAR-24, Run: 030, F, 82, 0, 71, 118, 47
INVAR-24, Run: 031, F, 81, 0, 73, 119, 46
INVAR-24, Run: 032, F, 76, 0, 83, 124, 41
INVAR-24, Run: 033, F, 82, 0, 71, 118, 47
INVAR-24, Run: 034, F, 83, 0, 69, 117, 48
INVAR-24, Run: 035, F, 78, 0, 79, 122, 43
INVAR-24, Run: 036, F, 81, 0, 73, 119, 46
INVAR-24, Run: 037, F, 82, 0, 71, 118, 47
INVAR-24, Run: 038, F, 80, 0, 75, 120, 45
INVAR-24, Run: 039, F, 80, 0, 75, 120, 45
INVAR-24, Run: 040, F, 83, 0, 69, 117, 48
INVAR-24, Run: 041, F, 84, 0, 67, 116, 49
INVAR-24, Run: 042, F, 83, 0, 69, 117, 48
INVAR-24, Run: 043, F, 81, 0, 73, 119, 46
INVAR-24, Run: 044, F, 81, 0, 73, 119, 46
INVAR-24, Run: 045, F, 83, 0, 69, 117, 48
INVAR-24, Run: 046, F, 77, 0, 81, 123, 42
INVAR-24, Run: 047, F, 79, 0, 77, 121, 44
INVAR-24, Run: 048, F, 81, 0, 73, 119, 46
INVAR-24, Run: 049, F, 85, 0, 65, 115, 50
INVAR-24, Run: 050, F, 82, 0, 71, 118, 47
INVAR-24, Run: 051, F, 79, 0, 77, 121, 44
INVAR-24, Run: 052, F, 79, 0, 77, 121, 44
INVAR-24, Run: 053, F, 76, 0, 83, 124, 41
INVAR-24, Run: 054, F, 79, 0, 77, 121, 44
INVAR-24, Run: 055, F, 87, 0, 61, 113, 52
INVAR-24, Run: 056, F, 82, 0, 71, 118, 47
INVAR-24, Run: 057, F, 77, 0, 81, 123, 42
INVAR-24, Run: 058, F, 85, 0, 65, 115, 50
INVAR-24, Run: 059, F, 77, 0, 81, 123, 42
INVAR-24, Run: 060, F, 91, 0, 53, 109, 56
INVAR-24, Run: 061, F, 82, 0, 71, 118, 47
INVAR-24, Run: 062, F, 88, 0, 59, 112, 53
INVAR-24, Run: 063, F, 78, 0, 79, 122, 43
INVAR-24, Run: 064, F, 84, 0, 67, 116, 49
INVAR-24, Run: 065, F, 81, 0, 73, 119, 46
INVAR-24, Run: 066, F, 85, 0, 65, 115, 50
INVAR-24, Run: 067, F, 81, 0, 73, 119, 46
INVAR-24, Run: 068, F, 80, 0, 75, 120, 45
INVAR-24, Run: 069, F, 77, 0, 81, 123, 42
INVAR-24, Run: 070, F, 83, 0, 69, 117, 48
INVAR-24, Run: 071, F, 74, 0, 87, 126, 39
INVAR-24, Run: 072, F, 84, 0, 67, 116, 49
INVAR-24, Run: 073, F, 82, 0, 71, 118, 47
INVAR-24, Run: 074, F, 77, 0, 81, 123, 42
INVAR-24, Run: 075, F, 79, 0, 77, 121, 44
INVAR-24, Run: 076, F, 83, 0, 69, 117, 48
INVAR-24, Run: 077, F, 81, 0, 73, 119, 46
INVAR-24, Run: 078, F, 83, 0, 69, 117, 48
INVAR-24, Run: 079, F, 88, 0, 59, 112, 53
INVAR-24, Run: 080, F, 81, 0, 73, 119, 46
INVAR-24, Run: 081, F, 85, 0, 65, 115, 50
INVAR-24, Run: 082, F, 79, 0, 77, 121, 44
INVAR-24, Run: 083, F, 81, 0, 73, 119, 46
INVAR-24, Run: 084, F, 85, 0, 65, 115, 50
INVAR-24, Run: 085, F, 75, 0, 85, 125, 40
INVAR-24, Run: 086, F, 83, 0, 69, 117, 48
INVAR-24, Run: 087, F, 85, 0, 65, 115, 50
INVAR-24, Run: 088, F, 81, 0, 73, 119, 46
INVAR-24, Run: 089, F, 83, 0, 69, 117, 48
INVAR-24, Run: 090, F, 80, 0, 75, 120, 45
INVAR-24, Run: 091, F, 77, 0, 81, 123, 42
INVAR-24, Run: 092, F, 80, 0, 75, 120, 45
INVAR-24, Run: 093, F, 83, 0, 69, 117, 48
INVAR-24, Run: 094, F, 81, 0, 73, 119, 46
INVAR-24, Run: 095, F, 78, 0, 79, 122, 43
INVAR-24, Run: 096, F, 78, 0, 79, 122, 43
INVAR-24, Run: 097, F, 80, 0, 75, 120, 45
INVAR-24, Run: 098, F, 78, 0, 79, 122, 43
INVAR-24, Run: 099, F, 80, 0, 75, 120, 45
INVAR-24, Run: 100, F, 88, 0, 59, 112, 53
INVAR-25, Run: 001, P, 18, 0, 0, 0, 0
INVAR-25, Run: 002, P, 18, 0, 0, 0, 0
INVAR-25, Run: 003, P, 18, 0, 0, 0, 0
INVAR-25, Run: 004, P, 18, 0, 0, 0, 0
INVAR-25, Run: 005, P, 18, 0, 0, 0, 0
INVAR-25, Run: 006, P, 18, 0, 0, 0, 0
INVAR-25, Run: 007, P, 18, 0, 0, 0, 0
INVAR-25, Run: 008, P, 18, 0, 0, 0, 0
INVAR-25, Run: 009, P, 18, 0, 0, 0, 0
INVAR-25, Run: 010, P, 18, 0, 0, 0, 0
INVAR-25, Run: 011, P, 18, 0, 0, 0, 0
INVAR-25, Run: 012, P, 18, 0, 0, 0, 0
INVAR-25, Run: 013, P, 18, 0, 0, 0, 0
INVAR-25, Run: 014, P, 18, 0, 0, 0, 0
INVAR-25, Run: 015, P, 18, 0, 0, 0, 0
INVAR-25, Run: 016, P, 18, 0, 0, 0, 0
INVAR-25, Run: 017, P, 18, 0, 0, 0, 0
INVAR-25, Run: 018, P, 18, 0, 0, 0, 0
INVAR-25, Run: 019, P, 18, 0, 0, 0, 0
INVAR-25, Run: 020, P, 18, 0, 0, 0, 0
INVAR-25, Run: 021, P, 18, 0, 0, 0, 0
INVAR-25, Run: 022, P, 18, 0, 0, 0, 0
INVAR-25, Run: 023, P, 18, 0, 0, 0, 0
INVAR-25, Run: 024, P, 18, 0, 0, 0, 0
INVAR-25, Run: 025, P, 18, 0, 0, 0, 0
INVAR-25, Run: 026, P, 18, 0, 0, 0, 0
INVAR-25, Run: 027, P, 18, 0, 0, 0, 0
INVAR-25, Run: 028, P, 18, 0, 0, 0, 0
INVAR-25, Run: 029, P, 18, 0, 0, 0, 0
INVAR-25, Run: 030, P, 18, 0, 0, 0, 0
INVAR-25, Run: 031, P, 18, 0, 0, 0, 0
INVAR-25, Run: 032, P, 18, 0, 0, 0, 0
INVAR-25, Run: 033, P, 18, 0, 0, 0, 0
INVAR-25, Run: 034, P, 18, 0, 0, 0, 0
INVAR-25, Run: 035, P, 18, 0, 0, 0, 0
INVAR-25, Run: 036, P, 18, 0, 0, 0, 0
INVAR-25, Run: 037, P, 18, 0, 0, 0, 0
INVAR-25, Run: 038, P, 18, 0, 0, 0, 0
INVAR-25, Run: 039, P, 18, 0, 0, 0, 0
INVAR-25, Run: 040, P, 18, 0, 0, 0, 0
INVAR-25, Run: 041, P, 18, 0, 0, 0, 0
INVAR-25, Run: 042, P, 18, 0, 0, 0, 0
INVAR-25, Run: 043, P, 18, 0, 0, 0, 0
INVAR-25, Run: 044, P, 18, 0, 0, 0, 0
INVAR-25, Run: 045, P, 18, 0, 0, 0, 0
INVAR-25, Run: 046, P, 18, 0, 0, 0, 0
INVAR-25, Run: 047, P, 18, 0, 0, 0, 0
INVAR-25, Run: 048, P, 18, 0, 0, 0, 0
INVAR-25, Run: 049, P, 18, 0, 0, 0, 0
INVAR-25, Run: 050, P, 18, 0, 0, 0, 0
INVAR-25, Run: 051, P, 18, 0, 0, 0, 0
INVAR-25, Run: 052, P, 18, 0, 0, 0, 0
INVAR-25, Run: 053, P, 18, 0, 0, 0, 0
INVAR-25, Run: 054, P, 18, 0, 0, 0, 0
INVAR-25, Run: 055, P, 18, 0, 0, 0, 0
INVAR-25, Run: 056, P, 18, 0, 0, 0, 0
INVAR-25, Run: 057, P, 18, 0, 0, 0, 0
INVAR-25, Run: 058, P, 18, 0, 0, 0, 0
INVAR-25, Run: 059, P, 18, 0, 0, 0, 0
INVAR-25, Run: 060, P, 18, 0, 0, 0, 0
INVAR-25, Run: 061, P, 18, 0, 0, 0, 0
INVAR-25, Run: 062, P, 18, 0, 0, 0, 0
INVAR-25, Run: 063, P, 18, 0, 0, 0, 0
INVAR-25, Run: 064, P, 18, 0, 0, 0, 0
INVAR-25, Run: 065, P, 18, 0, 0, 0, 0
INVAR-25, Run: 066, P, 18, 0, 0, 0, 0
INVAR-25, Run: 067, P, 18, 0, 0, 0, 0
INVAR-25, Run: 068, P, 18, 0, 0, 0, 0
INVAR-25, Run: 069, P, 18, 0, 0, 0, 0
INVAR-25, Run: 070, P, 18, 0, 0, 0, 0
INVAR-25, Run: 071, P, 18, 0, 0, 0, 0
INVAR-25, Run: 072, P, 18, 0, 0, 0, 0
INVAR-25, Run: 073, P, 18, 0, 0, 0, 0
INVAR-25, Run: 074, P, 18, 0, 0, 0, 0
INVAR-25, Run: 075, P, 18, 0, 0, 0, 0
INVAR-25, Run: 076, P, 18, 0, 0, 0, 0
INVAR-25, Run: 077, P, 18, 0, 0, 0, 0
INVAR-25, Run: 078, P, 18, 0, 0, 0, 0
INVAR-25, Run: 079, P, 18, 0, 0, 0, 0
INVAR-25, Run: 080, P, 18, 0, 0, 0, 0
INVAR-25, Run: 081, P, 18, 0, 0, 0, 0
INVAR-25, Run: 082, P, 18, 0, 0, 0, 0
INVAR-25, Run: 083, P, 18, 0, 0, 0, 0
INVAR-25, Run: 084, P, 18, 0, 0, 0, 0
INVAR-25, Run: 085, P, 18, 0, 0, 0, 0
INVAR-25, Run: 086, P, 18, 0, 0, 0, 0
INVAR-25, Run: 087, P, 18, 0, 0, 0, 0
INVAR-25, Run: 088, P, 18, 0, 0, 0, 0
INVAR-25, Run: 089, P, 18, 0, 0, 0, 0
INVAR-25, Run: 090, P, 18, 0, 0, 0, 0
INVAR-25, Run: 091, P, 18, 0, 0, 0, 0
INVAR-25, Run: 092, P, 18, 0, 0, 0, 0
INVAR-25, Run: 093, P, 18, 0, 0, 0, 0
INVAR-25, Run: 094, P, 18, 0, 0, 0, 0
INVAR-25, Run: 095, P, 18, 0, 0, 0, 0
INVAR-25, Run: 096, P, 18, 0, 0, 0, 0
INVAR-25, Run: 097, P, 18, 0, 0, 0, 0
INVAR-25, Run: 098, P, 18, 0, 0, 0, 0
INVAR-25, Run: 099, P, 18, 0, 0, 0, 0
INVAR-25, Run: 100, P, 18, 0, 0, 0, 0
INVAR-26, Run: 001, P, 88, 0, 0, 0, 0
INVAR-26, Run: 002, P, 88, 0, 0, 0, 0
INVAR-26, Run: 003, P, 88, 0, 0, 0, 0
INVAR-26, Run: 004, P, 88, 0, 0, 0, 0
INVAR-26, Run: 005, P, 88, 0, 0, 0, 0
INVAR-26, Run: 006, P, 88, 0, 0, 0, 0
INVAR-26, Run: 007, P, 88, 0, 0, 0, 0
INVAR-26, Run: 008, P, 88, 0, 0, 0, 0
INVAR-26, Run: 009, P, 88, 0, 0, 0, 0
INVAR-26, Run: 010, P, 88, 0, 0, 0, 0
INVAR-26, Run: 011, P, 88, 0, 0, 0, 0
INVAR-26, Run: 012, P, 88, 0, 0, 0, 0
INVAR-26, Run: 013, P, 88, 0, 0, 0, 0
INVAR-26, Run: 014, P, 88, 0, 0, 0, 0
INVAR-26, Run: 015, P, 88, 0, 0, 0, 0
INVAR-26, Run: 016, P, 88, 0, 0, 0, 0
INVAR-26, Run: 017, P, 88, 0, 0, 0, 0
INVAR-26, Run: 018, P, 88, 0, 0, 0, 0
INVAR-26, Run: 019, P, 88, 0, 0, 0, 0
INVAR-26, Run: 020, P, 88, 0, 0, 0, 0
INVAR-26, Run: 021, P, 88, 0, 0, 0, 0
INVAR-26, Run: 022, P, 88, 0, 0, 0, 0
INVAR-26, Run: 023, P, 88, 0, 0, 0, 0
INVAR-26, Run: 024, P, 88, 0, 0, 0, 0
INVAR-26, Run: 025, P, 88, 0, 0, 0, 0
INVAR-26, Run: 026, P, 88, 0, 0, 0, 0
INVAR-26, Run: 027, P, 88, 0, 0, 0, 0
INVAR-26, Run: 028, P, 88, 0, 0, 0, 0
INVAR-26, Run: 029, P, 88, 0, 0, 0, 0
INVAR-26, Run: 030, P, 88, 0, 0, 0, 0
INVAR-26, Run: 031, P, 88, 0, 0, 0, 0
INVAR-26, Run: 032, P, 88, 0, 0, 0, 0
INVAR-26, Run: 033, P, 88, 0, 0, 0, 0
INVAR-26, Run: 034, P, 88, 0, 0, 0, 0
INVAR-26, Run: 035, P, 88, 0, 0, 0, 0
INVAR-26, Run: 036, P, 88, 0, 0, 0, 0
INVAR-26, Run: 037, P, 88, 0, 0, 0, 0
INVAR-26, Run: 038, P, 88, 0, 0, 0, 0
INVAR-26, Run: 039, P, 88, 0, 0, 0, 0
INVAR-26, Run: 040, P, 88, 0, 0, 0, 0
INVAR-26, Run: 041, P, 88, 0, 0, 0, 0
INVAR-26, Run: 042, P, 88, 0, 0, 0, 0
INVAR-26, Run: 043, P, 88, 0, 0, 0, 0
INVAR-26, Run: 044, P, 88, 0, 0, 0, 0
INVAR-26, Run: 045, P, 88, 0, 0, 0, 0
INVAR-26, Run: 046, P, 88, 0, 0, 0, 0
INVAR-26, Run: 047, P, 88, 0, 0, 0, 0
INVAR-26, Run: 048, P, 88, 0, 0, 0, 0
INVAR-26, Run: 049, P, 88, 0, 0, 0, 0
INVAR-26, Run: 050, P, 88, 0, 0, 0, 0
INVAR-26, Run: 051, P, 88, 0, 0, 0, 0
INVAR-26, Run: 052, P, 88, 0, 0, 0, 0
INVAR-26, Run: 053, P, 88, 0, 0, 0, 0
INVAR-26, Run: 054, P, 88, 0, 0, 0, 0
INVAR-26, Run: 055, P, 88, 0, 0, 0, 0
INVAR-26, Run: 056, P, 88, 0, 0, 0, 0
INVAR-26, Run: 057, P, 88, 0, 0, 0, 0
INVAR-26, Run: 058, P, 88, 0, 0, 0, 0
INVAR-26, Run: 059, P, 88, 0, 0, 0, 0
INVAR-26, Run: 060, P, 88, 0, 0, 0, 0
INVAR-26, Run: 061, P, 88, 0, 0, 0, 0
INVAR-26, Run: 062, P, 88, 0, 0, 0, 0
INVAR-26, Run: 063, P, 88, 0, 0, 0, 0
INVAR-26, Run: 064, P, 88, 0, 0, 0, 0
INVAR-26, Run: 065, P, 88, 0, 0, 0, 0
INVAR-26, Run: 066, P, 88, 0, 0, 0, 0
INVAR-26, Run: 067, P, 88, 0, 0, 0, 0
INVAR-26, Run: 068, P, 88, 0, 0, 0, 0
INVAR-26, Run: 069, P, 88, 0, 0, 0, 0
INVAR-26, Run: 070, P, 88, 0, 0, 0, 0
INVAR-26, Run: 071, P, 88, 0, 0, 0, 0
INVAR-26, Run: 072, P, 88, 0, 0, 0, 0
INVAR-26, Run: 073, P, 88, 0, 0, 0, 0
INVAR-26, Run: 074, P, 88, 0, 0, 0, 0
INVAR-26, Run: 075, P, 88, 0, 0, 0, 0
INVAR-26, Run: 076, P, 88, 0, 0, 0, 0
INVAR-26, Run: 077, P, 88, 0, 0, 0, 0
INVAR-26, Run: 078, P, 88, 0, 0, 0, 0
INVAR-26, Run: 079, P, 88, 0, 0, 0, 0
INVAR-26, Run: 080, P, 88, 0, 0, 0, 0
INVAR-26, Run: 081, P, 88, 0, 0, 0, 0
INVAR-26, Run: 082, P, 88, 0, 0, 0, 0
INVAR-26, Run: 083, P, 88, 0, 0, 0, 0
INVAR-26, Run: 084, P, 88, 0, 0, 0, 0
INVAR-26, Run: 085, P, 88, 0, 0, 0, 0
INVAR-26, Run: 086, P, 88, 0, 0, 0, 0
INVAR-26, Run: 087, P, 88, 0, 0, 0, 0
INVAR-26, Run: 088, P, 88, 0, 0, 0, 0
INVAR-26, Run: 089, P, 88, 0, 0, 0, 0
INVAR-26, Run: 090, P, 88, 0, 0, 0, 0
INVAR-26, Run: 091, P, 88, 0, 0, 0, 0
INVAR-26, Run: 092, P, 88, 0, 0, 0, 0
INVAR-26, Run: 093, P, 88, 0, 0, 0, 0
INVAR-26, Run: 094, P, 88, 0, 0, 0, 0
INVAR-26, Run: 095, P, 88, 0, 0, 0, 0
INVAR-26, Run: 096, P, 88, 0, 0, 0, 0
INVAR-26, Run: 097, P, 88, 0, 0, 0, 0
INVAR-26, Run: 098, P, 88, 0, 0, 0, 0
INVAR-26, Run: 099, P, 88, 0, 0, 0, 0
INVAR-26, Run: 100, P, 88, 0, 0, 0, 0
INVAR-27, Run: 001, P, 164, 0, 0, 0, 0
INVAR-27, Run: 002, P, 164, 0, 0, 0, 0
INVAR-27, Run: 003, P, 164, 0, 0, 0, 0
INVAR-27, Run: 004, P, 164, 0, 0, 0, 0
INVAR-27, Run: 005, P, 164, 0, 0, 0, 0
INVAR-27, Run: 006, P, 164, 0, 0, 0, 0
INVAR-27, Run: 007, P, 164, 0, 0, 0, 0
INVAR-27, Run: 008, P, 164, 0, 0, 0, 0
INVAR-27, Run: 009, P, 164, 0, 0, 0, 0
INVAR-27, Run: 010, P, 164, 0, 0, 0, 0
INVAR-27, Run: 011, P, 164, 0, 0, 0, 0
INVAR-27, Run: 012, P, 164, 0, 0, 0, 0
INVAR-27, Run: 013, P, 164, 0, 0, 0, 0
INVAR-27, Run: 014, P, 164, 0, 0, 0, 0
INVAR-27, Run: 015, P, 164, 0, 0, 0, 0
INVAR-27, Run: 016, P, 164, 0, 0, 0, 0
INVAR-27, Run: 017, P, 164, 0, 0, 0, 0
INVAR-27, Run: 018, P, 164, 0, 0, 0, 0
INVAR-27, Run: 019, P, 164, 0, 0, 0, 0
INVAR-27, Run: 020, P, 164, 0, 0, 0, 0
INVAR-27, Run: 021, P, 164, 0, 0, 0, 0
INVAR-27, Run: 022, P, 164, 0, 0, 0, 0
INVAR-27, Run: 023, P, 164, 0, 0, 0, 0
INVAR-27, Run: 024, P, 164, 0, 0, 0, 0
INVAR-27, Run: 025, P, 164, 0, 0, 0, 0
INVAR-27, Run: 026, P, 164, 0, 0, 0, 0
INVAR-27, Run: 027, P, 164, 0, 0, 0, 0
INVAR-27, Run: 028, P, 164, 0, 0, 0, 0
INVAR-27, Run: 029, P, 164, 0, 0, 0, 0
INVAR-27, Run: 030, P, 164, 0, 0, 0, 0
INVAR-27, Run: 031, P, 164, 0, 0, 0, 0
INVAR-27, Run: 032, P, 164, 0, 0, 0, 0
INVAR-27, Run: 033, P, 164, 0, 0, 0, 0
INVAR-27, Run: 034, P, 164, 0, 0, 0, 0
INVAR-27, Run: 035, P, 164, 0, 0, 0, 0
INVAR-27, Run: 036, P, 164, 0, 0, 0, 0
INVAR-27, Run: 037, P, 164, 0, 0, 0, 0
INVAR-27, Run: 038, P, 164, 0, 0, 0, 0
INVAR-27, Run: 039, P, 164, 0, 0, 0, 0
INVAR-27, Run: 040, P, 164, 0, 0, 0, 0
INVAR-27, Run: 041, P, 164, 0, 0, 0, 0
INVAR-27, Run: 042, P, 164, 0, 0, 0, 0
INVAR-27, Run: 043, P, 164, 0, 0, 0, 0
INVAR-27, Run: 044, P, 164, 0, 0, 0, 0
INVAR-27, Run: 045, P, 164, 0, 0, 0, 0
INVAR-27, Run: 046, P, 164, 0, 0, 0, 0
INVAR-27, Run: 047, P, 164, 0, 0, 0, 0
INVAR-27, Run: 048, P, 164, 0, 0, 0, 0
INVAR-27, Run: 049, P, 164, 0, 0, 0, 0
INVAR-27, Run: 050, P, 164, 0, 0, 0, 0
INVAR-27, Run: 051, P, 164, 0, 0, 0, 0
INVAR-27, Run: 052, P, 164, 0, 0, 0, 0
INVAR-27, Run: 053, P, 164, 0, 0, 0, 0
INVAR-27, Run: 054, P, 164, 0, 0, 0, 0
INVAR-27, Run: 055, P, 164, 0, 0, 0, 0
INVAR-27, Run: 056, P, 164, 0, 0, 0, 0
INVAR-27, Run: 057, P, 164, 0, 0, 0, 0
INVAR-27, Run: 058, P, 164, 0, 0, 0, 0
INVAR-27, Run: 059, P, 164, 0, 0, 0, 0
INVAR-27, Run: 060, P, 164, 0, 0, 0, 0
INVAR-27, Run: 061, P, 164, 0, 0, 0, 0
INVAR-27, Run: 062, P, 164, 0, 0, 0, 0
INVAR-27, Run: 063, P, 164, 0, 0, 0, 0
INVAR-27, Run: 064, P, 164, 0, 0, 0, 0
INVAR-27, Run: 065, P, 164, 0, 0, 0, 0
INVAR-27, Run: 066, P, 164, 0, 0, 0, 0
INVAR-27, Run: 067, P, 164, 0, 0, 0, 0
INVAR-27, Run: 068, P, 164, 0, 0, 0, 0
INVAR-27, Run: 069, P, 164, 0, 0, 0, 0
INVAR-27, Run: 070, P, 164, 0, 0, 0, 0
INVAR-27, Run: 071, P, 164, 0, 0, 0, 0
INVAR-27, Run: 072, P, 164, 0, 0, 0, 0
INVAR-27, Run: 073, P, 164, 0, 0, 0, 0
INVAR-27, Run: 074, P, 164, 0, 0, 0, 0
INVAR-27, Run: 075, P, 164, 0, 0, 0, 0
INVAR-27, Run: 076, P, 164, 0, 0, 0, 0
INVAR-27, Run: 077, P, 164, 0, 0, 0, 0
INVAR-27, Run: 078, P, 164, 0, 0, 0, 0
INVAR-27, Run: 079, P, 164, 0, 0, 0, 0
INVAR-27, Run: 080, P, 164, 0, 0, 0, 0
INVAR-27, Run: 081, P, 164, 0, 0, 0, 0
INVAR-27, Run: 082, P, 164, 0, 0, 0, 0
INVAR-27, Run: 083, P, 164, 0, 0, 0, 0
INVAR-27, Run: 084, P, 164, 0, 0, 0, 0
INVAR-27, Run: 085, P, 164, 0, 0, 0, 0
INVAR-27, Run: 086, P, 164, 0, 0, 0, 0
INVAR-27, Run: 087, P, 164, 0, 0, 0, 0
INVAR-27, Run: 088, P, 164, 0, 0, 0, 0
INVAR-27, Run: 089, P, 164, 0, 0, 0, 0
INVAR-27, Run: 090, P, 164, 0, 0, 0, 0
INVAR-27, Run: 091, P, 164, 0, 0, 0, 0
INVAR-27, Run: 092, P, 164, 0, 0, 0, 0
INVAR-27, Run: 093, P, 164, 0, 0, 0, 0
INVAR-27, Run: 094, P, 164, 0, 0, 0, 0
INVAR-27, Run: 095, P, 164, 0, 0, 0, 0
INVAR-27, Run: 096, P, 164, 0, 0, 0, 0
INVAR-27, Run: 097, P, 164, 0, 0, 0, 0
INVAR-27, Run: 098, P, 164, 0, 0, 0, 0
INVAR-27, Run: 099, P, 164, 0, 0, 0, 0
INVAR-27, Run: 100, P, 164, 0, 0, 0, 0
INVAR-28, Run: 001, P, 9, 0, 0, 0, 0
INVAR-28, Run: 002, P, 9, 0, 0, 0, 0
INVAR-28, Run: 003, P, 9, 0, 0, 0, 0
INVAR-28, Run: 004, P, 9, 0, 0, 0, 0
INVAR-28, Run: 005, P, 9, 0, 0, 0, 0
INVAR-28, Run: 006, P, 9, 0, 0, 0, 0
INVAR-28, Run: 007, P, 9, 0, 0, 0, 0
INVAR-28, Run: 008, P, 9, 0, 0, 0, 0
INVAR-28, Run: 009, P, 9, 0, 0, 0, 0
INVAR-28, Run: 010, P, 9, 0, 0, 0, 0
INVAR-28, Run: 011, P, 9, 0, 0, 0, 0
INVAR-28, Run: 012, P, 9, 0, 0, 0, 0
INVAR-28, Run: 013, P, 9, 0, 0, 0, 0
INVAR-28, Run: 014, P, 9, 0, 0, 0, 0
INVAR-28, Run: 015, P, 9, 0, 0, 0, 0
INVAR-28, Run: 016, P, 9, 0, 0, 0, 0
INVAR-28, Run: 017, P, 9, 0, 0, 0, 0
INVAR-28, Run: 018, P, 9, 0, 0, 0, 0
INVAR-28, Run: 019, P, 9, 0, 0, 0, 0
INVAR-28, Run: 020, P, 9, 0, 0, 0, 0
INVAR-28, Run: 021, P, 9, 0, 0, 0, 0
INVAR-28, Run: 022, P, 9, 0, 0, 0, 0
INVAR-28, Run: 023, P, 9, 0, 0, 0, 0
INVAR-28, Run: 024, P, 9, 0, 0, 0, 0
INVAR-28, Run: 025, P, 9, 0, 0, 0, 0
INVAR-28, Run: 026, P, 9, 0, 0, 0, 0
INVAR-28, Run: 027, P, 9, 0, 0, 0, 0
INVAR-28, Run: 028, P, 9, 0, 0, 0, 0
INVAR-28, Run: 029, P, 9, 0, 0, 0, 0
INVAR-28, Run: 030, P, 9, 0, 0, 0, 0
INVAR-28, Run: 031, P, 9, 0, 0, 0, 0
INVAR-28, Run: 032, P, 9, 0, 0, 0, 0
INVAR-28, Run: 033, P, 9, 0, 0, 0, 0
INVAR-28, Run: 034, P, 9, 0, 0, 0, 0
INVAR-28, Run: 035, P, 9, 0, 0, 0, 0
INVAR-28, Run: 036, P, 9, 0, 0, 0, 0
INVAR-28, Run: 037, P, 9, 0, 0, 0, 0
INVAR-28, Run: 038, P, 9, 0, 0, 0, 0
INVAR-28, Run: 039, P, 9, 0, 0, 0, 0
INVAR-28, Run: 040, P, 9, 0, 0, 0, 0
INVAR-28, Run: 041, P, 9, 0, 0, 0, 0
INVAR-28, Run: 042, P, 9, 0, 0, 0, 0
INVAR-28, Run: 043, P, 9, 0, 0, 0, 0
INVAR-28, Run: 044, P, 9, 0, 0, 0, 0
INVAR-28, Run: 045, P, 9, 0, 0, 0, 0
INVAR-28, Run: 046, P, 9, 0, 0, 0, 0
INVAR-28, Run: 047, P, 9, 0, 0, 0, 0
INVAR-28, Run: 048, P, 9, 0, 0, 0, 0
INVAR-28, Run: 049, P, 9, 0, 0, 0, 0
INVAR-28, Run: 050, P, 9, 0, 0, 0, 0
INVAR-28, Run: 051, P, 9, 0, 0, 0, 0
INVAR-28, Run: 052, P, 9, 0, 0, 0, 0
INVAR-28, Run: 053, P, 9, 0, 0, 0, 0
INVAR-28, Run: 054, P, 9, 0, 0, 0, 0
INVAR-28, Run: 055, P, 9, 0, 0, 0, 0
INVAR-28, Run: 056, P, 9, 0, 0, 0, 0
INVAR-28, Run: 057, P, 9, 0, 0, 0, 0
INVAR-28, Run: 058, P, 9, 0, 0, 0, 0
INVAR-28, Run: 059, P, 9, 0, 0, 0, 0
INVAR-28, Run: 060, P, 9, 0, 0, 0, 0
INVAR-28, Run: 061, P, 9, 0, 0, 0, 0
INVAR-28, Run: 062, P, 9, 0, 0, 0, 0
INVAR-28, Run: 063, P, 9, 0, 0, 0, 0
INVAR-28, Run: 064, P, 9, 0, 0, 0, 0
INVAR-28, Run: 065, P, 9, 0, 0, 0, 0
INVAR-28, Run: 066, P, 9, 0, 0, 0, 0
INVAR-28, Run: 067, P, 9, 0, 0, 0, 0
INVAR-28, Run: 068, P, 9, 0, 0, 0, 0
INVAR-28, Run: 069, P, 9, 0, 0, 0, 0
INVAR-28, Run: 070, P, 9, 0, 0, 0, 0
INVAR-28, Run: 071, P, 9, 0, 0, 0, 0
INVAR-28, Run: 072, P, 9, 0, 0, 0, 0
INVAR-28, Run: 073, P, 9, 0, 0, 0, 0
INVAR-28, Run: 074, P, 9, 0, 0, 0, 0
INVAR-28, Run: 075, P, 9, 0, 0, 0, 0
INVAR-28, Run: 076, P, 9, 0, 0, 0, 0
INVAR-28, Run: 077, P, 9, 0, 0, 0, 0
INVAR-28, Run: 078, P, 9, 0, 0, 0, 0
INVAR-28, Run: 079, P, 9, 0, 0, 0, 0
INVAR-28, Run: 080, P, 9, 0, 0, 0, 0
INVAR-28, Run: 081, P, 9, 0, 0, 0, 0
INVAR-28, Run: 082, P, 9, 0, 0, 0, 0
INVAR-28, Run: 083, P, 9, 0, 0, 0, 0
INVAR-28, Run: 084, P, 9, 0, 0, 0, 0
INVAR-28, Run: 085, P, 9, 0, 0, 0, 0
INVAR-28, Run: 086, P, 9, 0, 0, 0, 0
INVAR-28, Run: 087, P, 9, 0, 0, 0, 0
INVAR-28, Run: 088, P, 9, 0, 0, 0, 0
INVAR-28, Run: 089, P, 9, 0, 0, 0, 0
INVAR-28, Run: 090, P, 9, 0, 0, 0, 0
INVAR-28, Run: 091, P, 9, 0, 0, 0, 0
INVAR-28, Run: 092, P, 9, 0, 0, 0, 0
INVAR-28, Run: 093, P, 9, 0, 0, 0, 0
INVAR-28, Run: 094, P, 9, 0, 0, 0, 0
INVAR-28, Run: 095, P, 9, 0, 0, 0, 0
INVAR-28, Run: 096, P, 9, 0, 0, 0, 0
INVAR-28, Run: 097, P, 9, 0, 0, 0, 0
INVAR-28, Run: 098, P, 9, 0, 0, 0, 0
INVAR-28, Run: 099, P, 9, 0, 0, 0, 0
INVAR-28, Run: 100, P, 9, 0, 0, 0, 0
INVAR-29, Run: 001, P, 73, 0, 0, 0, 0
INVAR-29, Run: 002, P, 73, 0, 0, 0, 0
INVAR-29, Run: 003, P, 73, 0, 0, 0, 0
INVAR-29, Run: 004, P, 73, 0, 0, 0, 0
INVAR-29, Run: 005, P, 73, 0, 0, 0, 0
INVAR-29, Run: 006, P, 73, 0, 0, 0, 0
INVAR-29, Run: 007, P, 73, 0, 0, 0, 0
INVAR-29, Run: 008, P, 73, 0, 0, 0, 0
INVAR-29, Run: 009, P, 73, 0, 0, 0, 0
INVAR-29, Run: 010, P, 73, 0, 0, 0, 0
INVAR-29, Run: 011, P, 73, 0, 0, 0, 0
INVAR-29, Run: 012, P, 73, 0, 0, 0, 0
INVAR-29, Run: 013, P, 73, 0, 0, 0, 0
INVAR-29, Run: 014, P, 73, 0, 0, 0, 0
INVAR-29, Run: 015, P, 73, 0, 0, 0, 0
INVAR-29, Run: 016, P, 73, 0, 0, 0, 0
INVAR-29, Run: 017, P, 73, 0, 0, 0, 0
INVAR-29, Run: 018, P, 73, 0, 0, 0, 0
INVAR-29, Run: 019, P, 73, 0, 0, 0, 0
INVAR-29, Run: 020, P, 73, 0, 0, 0, 0
INVAR-29, Run: 021, P, 73, 0, 0, 0, 0
INVAR-29, Run: 022, P, 73, 0, 0, 0, 0
INVAR-29, Run: 023, P, 73, 0, 0, 0, 0
INVAR-29, Run: 024, P, 73, 0, 0, 0, 0
INVAR-29, Run: 025, P, 73, 0, 0, 0, 0
INVAR-29, Run: 026, P, 73, 0, 0, 0, 0
INVAR-29, Run: 027, P, 73, 0, 0, 0, 0
INVAR-29, Run: 028, P, 73, 0, 0, 0, 0
INVAR-29, Run: 029, P, 73, 0, 0, 0, 0
INVAR-29, Run: 030, P, 73, 0, 0, 0, 0
INVAR-29, Run: 031, P, 73, 0, 0, 0, 0
INVAR-29, Run: 032, P, 73, 0, 0, 0, 0
INVAR-29, Run: 033, P, 73, 0, 0, 0, 0
INVAR-29, Run: 034, P, 73, 0, 0, 0, 0
INVAR-29, Run: 035, P, 73, 0, 0, 0, 0
INVAR-29, Run: 036, P, 73, 0, 0, 0, 0
INVAR-29, Run: 037, P, 73, 0, 0, 0, 0
INVAR-29, Run: 038, P, 73, 0, 0, 0, 0
INVAR-29, Run: 039, P, 73, 0, 0, 0, 0
INVAR-29, Run: 040, P, 73, 0, 0, 0, 0
INVAR-29, Run: 041, P, 73, 0, 0, 0, 0
INVAR-29, Run: 042, P, 73, 0, 0, 0, 0
INVAR-29, Run: 043, P, 73, 0, 0, 0, 0
INVAR-29, Run: 044, P, 73, 0, 0, 0, 0
INVAR-29, Run: 045, P, 73, 0, 0, 0, 0
INVAR-29, Run: 046, P, 73, 0, 0, 0, 0
INVAR-29, Run: 047, P, 73, 0, 0, 0, 0
INVAR-29, Run: 048, P, 73, 0, 0, 0, 0
INVAR-29, Run: 049, P, 73, 0, 0, 0, 0
INVAR-29, Run: 050, P, 73, 0, 0, 0, 0
INVAR-29, Run: 051, P, 73, 0, 0, 0, 0
INVAR-29, Run: 052, P, 73, 0, 0, 0, 0
INVAR-29, Run: 053, P, 73, 0, 0, 0, 0
INVAR-29, Run: 054, P, 73, 0, 0, 0, 0
INVAR-29, Run: 055, P, 73, 0, 0, 0, 0
INVAR-29, Run: 056, P, 73, 0, 0, 0, 0
INVAR-29, Run: 057, P, 73, 0, 0, 0, 0
INVAR-29, Run: 058, P, 73, 0, 0, 0, 0
INVAR-29, Run: 059, P, 73, 0, 0, 0, 0
INVAR-29, Run: 060, P, 73, 0, 0, 0, 0
INVAR-29, Run: 061, P, 73, 0, 0, 0, 0
INVAR-29, Run: 062, P, 73, 0, 0, 0, 0
INVAR-29, Run: 063, P, 73, 0, 0, 0, 0
INVAR-29, Run: 064, P, 73, 0, 0, 0, 0
INVAR-29, Run: 065, P, 73, 0, 0, 0, 0
INVAR-29, Run: 066, P, 73, 0, 0, 0, 0
INVAR-29, Run: 067, P, 73, 0, 0, 0, 0
INVAR-29, Run: 068, P, 73, 0, 0, 0, 0
INVAR-29, Run: 069, P, 73, 0, 0, 0, 0
INVAR-29, Run: 070, P, 73, 0, 0, 0, 0
INVAR-29, Run: 071, P, 73, 0, 0, 0, 0
INVAR-29, Run: 072, P, 73, 0, 0, 0, 0
INVAR-29, Run: 073, P, 73, 0, 0, 0, 0
INVAR-29, Run: 074, P, 73, 0, 0, 0, 0
INVAR-29, Run: 075, P, 73, 0, 0, 0, 0
INVAR-29, Run: 076, P, 73, 0, 0, 0, 0
INVAR-29, Run: 077, P, 73, 0, 0, 0, 0
INVAR-29, Run: 078, P, 73, 0, 0, 0, 0
INVAR-29, Run: 079, P, 73, 0, 0, 0, 0
INVAR-29, Run: 080, P, 73, 0, 0, 0, 0
INVAR-29, Run: 081, P, 73, 0, 0, 0, 0
INVAR-29, Run: 082, P, 73, 0, 0, 0, 0
INVAR-29, Run: 083, P, 73, 0, 0, 0, 0
INVAR-29, Run: 084, P, 73, 0, 0, 0, 0
INVAR-29, Run: 085, P, 73, 0, 0, 0, 0
INVAR-29, Run: 086, P, 73, 0, 0, 0, 0
INVAR-29, Run: 087, P, 73, 0, 0, 0, 0
INVAR-29, Run: 088, P, 73, 0, 0, 0, 0
INVAR-29, Run: 089, P, 73, 0, 0, 0, 0
INVAR-29, Run: 090, P, 73, 0, 0, 0, 0
INVAR-29, Run: 091, P, 73, 0, 0, 0, 0
INVAR-29, Run: 092, P, 73, 0, 0, 0, 0
INVAR-29, Run: 093, P, 73, 0, 0, 0, 0
INVAR-29, Run: 094, P, 73, 0, 0, 0, 0
INVAR-29, Run: 095, P, 73, 0, 0, 0, 0
INVAR-29, Run: 096, P, 73, 0, 0, 0, 0
INVAR-29, Run: 097, P, 73, 0, 0, 0, 0
INVAR-29, Run: 098, P, 73, 0, 0, 0, 0
INVAR-29, Run: 099, P, 73, 0, 0, 0, 0
INVAR-29, Run: 100, P, 73, 0, 0, 0, 0
INVAR-3, Run: 001, F, 43, 0, 38, 77, 39
INVAR-3, Run: 002, F, 44, 0, 36, 76, 40
INVAR-3, Run: 003, F, 36, 0, 52, 84, 32
INVAR-3, Run: 004, F, 44, 0, 36, 76, 40
INVAR-3, Run: 005, F, 42, 0, 40, 78, 38
INVAR-3, Run: 006, F, 38, 0, 48, 82, 34
INVAR-3, Run: 007, F, 40, 0, 44, 80, 36
INVAR-3, Run: 008, F, 41, 0, 42, 79, 37
INVAR-3, Run: 009, F, 40, 0, 44, 80, 36
INVAR-3, Run: 010, F, 37, 0, 50, 83, 33
INVAR-3, Run: 011, F, 37, 0, 50, 83, 33
INVAR-3, Run: 012, F, 45, 0, 34, 75, 41
INVAR-3, Run: 013, F, 39, 0, 46, 81, 35
INVAR-3, Run: 014, F, 40, 0, 44, 80, 36
INVAR-3, Run: 015, F, 41, 0, 42, 79, 37
INVAR-3, Run: 016, F, 40, 0, 44, 80, 36
INVAR-3, Run: 017, F, 44, 0, 36, 76, 40
INVAR-3, Run: 018, F, 40, 0, 44, 80, 36
INVAR-3, Run: 019, F, 35, 0, 54, 85, 31
INVAR-3, Run: 020, F, 41, 0, 42, 79, 37
INVAR-3, Run: 021, F, 38, 0, 48, 82, 34
INVAR-3, Run: 022, F, 37, 0, 50, 83, 33
INVAR-3, Run: 023, F, 39, 0, 46, 81, 35
INVAR-3, Run: 024, F, 41, 0, 42, 79, 37
INVAR-3, Run: 025, F, 40, 0, 44, 80, 36
INVAR-3, Run: 026, F, 45, 0, 34, 75, 41
INVAR-3, Run: 027, F, 41, 0, 42, 79, 37
INVAR-3, Run: 028, F, 43, 0, 38, 77, 39
INVAR-3, Run: 029, F, 34, 0, 56, 86, 30
INVAR-3, Run: 030, F, 43, 0, 38, 77, 39
INVAR-3, Run: 031, F, 45, 0, 34, 75, 41
INVAR-3, Run: 032, F, 42, 0, 40, 78, 38
INVAR-3, Run: 033, F, 36, 0, 52, 84, 32
INVAR-3, Run: 034, F, 47, 0, 30, 73, 43
INVAR-3, Run: 035, F, 38, 0, 48, 82, 34
INVAR-3, Run: 036, F, 37, 0, 50, 83, 33
INVAR-3, Run: 037, F, 41, 0, 42, 79, 37
INVAR-3, Run: 038, F, 38, 0, 48, 82, 34
INVAR-3, Run: 039, F, 42, 0, 40, 78, 38
INVAR-3, Run: 040, F, 42, 0, 40, 78, 38
INVAR-3, Run: 041, F, 38, 0, 48, 82, 34
INVAR-3, Run: 042, F, 38, 0, 48, 82, 34
INVAR-3, Run: 043, F, 42, 0, 40, 78, 38
INVAR-3, Run: 044, F, 40, 0, 44, 80, 36
INVAR-3, Run: 045, F, 39, 0, 46, 81, 35
INVAR-3, Run: 046, F, 41, 0, 42, 79, 37
INVAR-3, Run: 047, F, 37, 0, 50, 83, 33
INVAR-3, Run: 048, F, 40, 0, 44, 80, 36
INVAR-3, Run: 049, F, 42, 0, 40, 78, 38
INVAR-3, Run: 050, F, 37, 0, 50, 83, 33
INVAR-3, Run: 051, F, 40, 0, 44, 80, 36
INVAR-3, Run: 052, F, 37, 0, 50, 83, 33
INVAR-3, Run: 053, F, 37, 0, 50, 83, 33
INVAR-3, Run: 054, F, 40, 0, 44, 80, 36
INVAR-3, Run: 055, F, 41, 0, 42, 79, 37
INVAR-3, Run: 056, F, 37, 0, 50, 83, 33
INVAR-3, Run: 057, F, 39, 0, 46, 81, 35
INVAR-3, Run: 058, F, 40, 0, 44, 80, 36
INVAR-3, Run: 059, F, 37, 0, 50, 83, 33
INVAR-3, Run: 060, F, 40, 0, 44, 80, 36
INVAR-3, Run: 061, F, 41, 0, 42, 79, 37
INVAR-3, Run: 062, F, 43, 0, 38, 77, 39
INVAR-3, Run: 063, F, 43, 0, 38, 77, 39
INVAR-3, Run: 064, F, 37, 0, 50, 83, 33
INVAR-3, Run: 065, F, 46, 0, 32, 74, 42
INVAR-3, Run: 066, F, 38, 0, 48, 82, 34
INVAR-3, Run: 067, F, 39, 0, 46, 81, 35
INVAR-3, Run: 068, F, 40, 0, 44, 80, 36
INVAR-3, Run: 069, F, 43, 0, 38, 77, 39
INVAR-3, Run: 070, F, 40, 0, 44, 80, 36
INVAR-3, Run: 071, F, 36, 0, 52, 84, 32
INVAR-3, Run: 072, F, 42, 0, 40, 78, 38
INVAR-3, Run: 073, F, 43, 0, 38, 77, 39
INVAR-3, Run: 074, F, 42, 0, 40, 78, 38
INVAR-3, Run: 075, F, 40, 0, 44, 80, 36
INVAR-3, Run: 076, F, 41, 0, 42, 79, 37
INVAR-3, Run: 077, F, 41, 0, 42, 79, 37
INVAR-3, Run: 078, F, 37, 0, 50, 83, 33
INVAR-3, Run: 079, F, 38, 0, 48, 82, 34
INVAR-3, Run: 080, F, 39, 0, 46, 81, 35
INVAR-3, Run: 081, F, 43, 0, 38, 77, 39
INVAR-3, Run: 082, F, 39, 0, 46, 81, 35
INVAR-3, Run: 083, F, 45, 0, 34, 75, 41
INVAR-3, Run: 084, F, 37, 0, 50, 83, 33
INVAR-3, Run: 085, F, 41, 0, 42, 79, 37
INVAR-3, Run: 086, F, 37, 0, 50, 83, 33
INVAR-3, Run: 087, F, 38, 0, 48, 82, 34
INVAR-3, Run: 088, F, 37, 0, 50, 83, 33
INVAR-3, Run: 089, F, 41, 0, 42, 79, 37
INVAR-3, Run: 090, F, 42, 0, 40, 78, 38
INVAR-3, Run: 091, F, 39, 0, 46, 81, 35
INVAR-3, Run: 092, F, 43, 0, 38, 77, 39
INVAR-3, Run: 093, F, 42, 0, 40, 78, 38
INVAR-3, Run: 094, F, 40, 0, 44, 80, 36
INVAR-3, Run: 095, F, 39, 0, 46, 81, 35
INVAR-3, Run: 096, F, 41, 0, 42, 79, 37
INVAR-3, Run: 097, F, 40, 0, 44, 80, 36
INVAR-3, Run: 098, F, 32, 0, 60, 88, 28
INVAR-3, Run: 099, F, 42, 0, 40, 78, 38
INVAR-3, Run: 100, F, 33, 0, 58, 87, 29
INVAR-30, Run: 001, P, 101, 0, 0, 0, 0
INVAR-30, Run: 002, P, 101, 0, 0, 0, 0
INVAR-30, Run: 003, P, 101, 0, 0, 0, 0
INVAR-30, Run: 004, P, 101, 0, 0, 0, 0
INVAR-30, Run: 005, P, 101, 0, 0, 0, 0
INVAR-30, Run: 006, P, 101, 0, 0, 0, 0
INVAR-30, Run: 007, P, 101, 0, 0, 0, 0
INVAR-30, Run: 008, P, 101, 0, 0, 0, 0
INVAR-30, Run: 009, P, 101, 0, 0, 0, 0
INVAR-30, Run: 010, P, 101, 0, 0, 0, 0
INVAR-30, Run: 011, P, 101, 0, 0, 0, 0
INVAR-30, Run: 012, P, 101, 0, 0, 0, 0
INVAR-30, Run: 013, P, 101, 0, 0, 0, 0
INVAR-30, Run: 014, P, 101, 0, 0, 0, 0
INVAR-30, Run: 015, P, 101, 0, 0, 0, 0
INVAR-30, Run: 016, P, 101, 0, 0, 0, 0
INVAR-30, Run: 017, P, 101, 0, 0, 0, 0
INVAR-30, Run: 018, P, 101, 0, 0, 0, 0
INVAR-30, Run: 019, P, 101, 0, 0, 0, 0
INVAR-30, Run: 020, P, 101, 0, 0, 0, 0
INVAR-30, Run: 021, P, 101, 0, 0, 0, 0
INVAR-30, Run: 022, P, 101, 0, 0, 0, 0
INVAR-30, Run: 023, P, 101, 0, 0, 0, 0
INVAR-30, Run: 024, P, 101, 0, 0, 0, 0
INVAR-30, Run: 025, P, 101, 0, 0, 0, 0
INVAR-30, Run: 026, P, 101, 0, 0, 0, 0
INVAR-30, Run: 027, P, 101, 0, 0, 0, 0
INVAR-30, Run: 028, P, 101, 0, 0, 0, 0
INVAR-30, Run: 029, P, 101, 0, 0, 0, 0
INVAR-30, Run: 030, P, 101, 0, 0, 0, 0
INVAR-30, Run: 031, P, 101, 0, 0, 0, 0
INVAR-30, Run: 032, P, 101, 0, 0, 0, 0
INVAR-30, Run: 033, P, 101, 0, 0, 0, 0
INVAR-30, Run: 034, P, 101, 0, 0, 0, 0
INVAR-30, Run: 035, P, 101, 0, 0, 0, 0
INVAR-30, Run: 036, P, 101, 0, 0, 0, 0
INVAR-30, Run: 037, P, 101, 0, 0, 0, 0
INVAR-30, Run: 038, P, 101, 0, 0, 0, 0
INVAR-30, Run: 039, P, 101, 0, 0, 0, 0
INVAR-30, Run: 040, P, 101, 0, 0, 0, 0
INVAR-30, Run: 041, P, 101, 0, 0, 0, 0
INVAR-30, Run: 042, P, 101, 0, 0, 0, 0
INVAR-30, Run: 043, P, 101, 0, 0, 0, 0
INVAR-30, Run: 044, P, 101, 0, 0, 0, 0
INVAR-30, Run: 045, P, 101, 0, 0, 0, 0
INVAR-30, Run: 046, P, 101, 0, 0, 0, 0
INVAR-30, Run: 047, P, 101, 0, 0, 0, 0
INVAR-30, Run: 048, P, 101, 0, 0, 0, 0
INVAR-30, Run: 049, P, 101, 0, 0, 0, 0
INVAR-30, Run: 050, P, 101, 0, 0, 0, 0
INVAR-30, Run: 051, P, 101, 0, 0, 0, 0
INVAR-30, Run: 052, P, 101, 0, 0, 0, 0
INVAR-30, Run: 053, P, 101, 0, 0, 0, 0
INVAR-30, Run: 054, P, 101, 0, 0, 0, 0
INVAR-30, Run: 055, P, 101, 0, 0, 0, 0
INVAR-30, Run: 056, P, 101, 0, 0, 0, 0
INVAR-30, Run: 057, P, 101, 0, 0, 0, 0
INVAR-30, Run: 058, P, 101, 0, 0, 0, 0
INVAR-30, Run: 059, P, 101, 0, 0, 0, 0
INVAR-30, Run: 060, P, 101, 0, 0, 0, 0
INVAR-30, Run: 061, P, 101, 0, 0, 0, 0
INVAR-30, Run: 062, P, 101, 0, 0, 0, 0
INVAR-30, Run: 063, P, 101, 0, 0, 0, 0
INVAR-30, Run: 064, P, 101, 0, 0, 0, 0
INVAR-30, Run: 065, P, 101, 0, 0, 0, 0
INVAR-30, Run: 066, P, 101, 0, 0, 0, 0
INVAR-30, Run: 067, P, 101, 0, 0, 0, 0
INVAR-30, Run: 068, P, 101, 0, 0, 0, 0
INVAR-30, Run: 069, P, 101, 0, 0, 0, 0
INVAR-30, Run: 070, P, 101, 0, 0, 0, 0
INVAR-30, Run: 071, P, 101, 0, 0, 0, 0
INVAR-30, Run: 072, P, 101, 0, 0, 0, 0
INVAR-30, Run: 073, P, 101, 0, 0, 0, 0
INVAR-30, Run: 074, P, 101, 0, 0, 0, 0
INVAR-30, Run: 075, P, 101, 0, 0, 0, 0
INVAR-30, Run: 076, P, 101, 0, 0, 0, 0
INVAR-30, Run: 077, P, 101, 0, 0, 0, 0
INVAR-30, Run: 078, P, 101, 0, 0, 0, 0
INVAR-30, Run: 079, P, 101, 0, 0, 0, 0
INVAR-30, Run: 080, P, 101, 0, 0, 0, 0
INVAR-30, Run: 081, P, 101, 0, 0, 0, 0
INVAR-30, Run: 082, P, 101, 0, 0, 0, 0
INVAR-30, Run: 083, P, 101, 0, 0, 0, 0
INVAR-30, Run: 084, P, 101, 0, 0, 0, 0
INVAR-30, Run: 085, P, 101, 0, 0, 0, 0
INVAR-30, Run: 086, P, 101, 0, 0, 0, 0
INVAR-30, Run: 087, P, 101, 0, 0, 0, 0
INVAR-30, Run: 088, P, 101, 0, 0, 0, 0
INVAR-30, Run: 089, P, 101, 0, 0, 0, 0
INVAR-30, Run: 090, P, 101, 0, 0, 0, 0
INVAR-30, Run: 091, P, 101, 0, 0, 0, 0
INVAR-30, Run: 092, P, 101, 0, 0, 0, 0
INVAR-30, Run: 093, P, 101, 0, 0, 0, 0
INVAR-30, Run: 094, P, 101, 0, 0, 0, 0
INVAR-30, Run: 095, P, 101, 0, 0, 0, 0
INVAR-30, Run: 096, P, 101, 0, 0, 0, 0
INVAR-30, Run: 097, P, 101, 0, 0, 0, 0
INVAR-30, Run: 098, P, 101, 0, 0, 0, 0
INVAR-30, Run: 099, P, 101, 0, 0, 0, 0
INVAR-30, Run: 100, P, 101, 0, 0, 0, 0
INVAR-31, Run: 001, P, 0, 0, 0, 0, 0
INVAR-31, Run: 002, P, 0, 0, 0, 0, 0
INVAR-31, Run: 003, P, 0, 0, 0, 0, 0
INVAR-31, Run: 004, P, 0, 0, 0, 0, 0
INVAR-31, Run: 005, P, 0, 0, 0, 0, 0
INVAR-31, Run: 006, P, 0, 0, 0, 0, 0
INVAR-31, Run: 007, P, 0, 0, 0, 0, 0
INVAR-31, Run: 008, P, 0, 0, 0, 0, 0
INVAR-31, Run: 009, P, 0, 0, 0, 0, 0
INVAR-31, Run: 010, P, 0, 0, 0, 0, 0
INVAR-31, Run: 011, P, 0, 0, 0, 0, 0
INVAR-31, Run: 012, P, 0, 0, 0, 0, 0
INVAR-31, Run: 013, P, 0, 0, 0, 0, 0
INVAR-31, Run: 014, P, 0, 0, 0, 0, 0
INVAR-31, Run: 015, P, 0, 0, 0, 0, 0
INVAR-31, Run: 016, P, 0, 0, 0, 0, 0
INVAR-31, Run: 017, P, 0, 0, 0, 0, 0
INVAR-31, Run: 018, P, 0, 0, 0, 0, 0
INVAR-31, Run: 019, P, 0, 0, 0, 0, 0
INVAR-31, Run: 020, P, 0, 0, 0, 0, 0
INVAR-31, Run: 021, P, 0, 0, 0, 0, 0
INVAR-31, Run: 022, P, 0, 0, 0, 0, 0
INVAR-31, Run: 023, P, 0, 0, 0, 0, 0
INVAR-31, Run: 024, P, 0, 0, 0, 0, 0
INVAR-31, Run: 025, P, 0, 0, 0, 0, 0
INVAR-31, Run: 026, P, 0, 0, 0, 0, 0
INVAR-31, Run: 027, P, 0, 0, 0, 0, 0
INVAR-31, Run: 028, P, 0, 0, 0, 0, 0
INVAR-31, Run: 029, P, 0, 0, 0, 0, 0
INVAR-31, Run: 030, P, 0, 0, 0, 0, 0
INVAR-31, Run: 031, P, 0, 0, 0, 0, 0
INVAR-31, Run: 032, P, 0, 0, 0, 0, 0
INVAR-31, Run: 033, P, 0, 0, 0, 0, 0
INVAR-31, Run: 034, P, 0, 0, 0, 0, 0
INVAR-31, Run: 035, P, 0, 0, 0, 0, 0
INVAR-31, Run: 036, P, 0, 0, 0, 0, 0
INVAR-31, Run: 037, P, 0, 0, 0, 0, 0
INVAR-31, Run: 038, P, 0, 0, 0, 0, 0
INVAR-31, Run: 039, P, 0, 0, 0, 0, 0
INVAR-31, Run: 040, P, 0, 0, 0, 0, 0
INVAR-31, Run: 041, P, 0, 0, 0, 0, 0
INVAR-31, Run: 042, P, 0, 0, 0, 0, 0
INVAR-31, Run: 043, P, 0, 0, 0, 0, 0
INVAR-31, Run: 044, P, 0, 0, 0, 0, 0
INVAR-31, Run: 045, P, 0, 0, 0, 0, 0
INVAR-31, Run: 046, P, 0, 0, 0, 0, 0
INVAR-31, Run: 047, P, 0, 0, 0, 0, 0
INVAR-31, Run: 048, P, 0, 0, 0, 0, 0
INVAR-31, Run: 049, P, 0, 0, 0, 0, 0
INVAR-31, Run: 050, P, 0, 0, 0, 0, 0
INVAR-31, Run: 051, P, 0, 0, 0, 0, 0
INVAR-31, Run: 052, P, 0, 0, 0, 0, 0
INVAR-31, Run: 053, P, 0, 0, 0, 0, 0
INVAR-31, Run: 054, P, 0, 0, 0, 0, 0
INVAR-31, Run: 055, P, 0, 0, 0, 0, 0
INVAR-31, Run: 056, P, 0, 0, 0, 0, 0
INVAR-31, Run: 057, P, 0, 0, 0, 0, 0
INVAR-31, Run: 058, P, 0, 0, 0, 0, 0
INVAR-31, Run: 059, P, 0, 0, 0, 0, 0
INVAR-31, Run: 060, P, 0, 0, 0, 0, 0
INVAR-31, Run: 061, P, 0, 0, 0, 0, 0
INVAR-31, Run: 062, P, 0, 0, 0, 0, 0
INVAR-31, Run: 063, P, 0, 0, 0, 0, 0
INVAR-31, Run: 064, P, 0, 0, 0, 0, 0
INVAR-31, Run: 065, P, 0, 0, 0, 0, 0
INVAR-31, Run: 066, P, 0, 0, 0, 0, 0
INVAR-31, Run: 067, P, 0, 0, 0, 0, 0
INVAR-31, Run: 068, P, 0, 0, 0, 0, 0
INVAR-31, Run: 069, P, 0, 0, 0, 0, 0
INVAR-31, Run: 070, P, 0, 0, 0, 0, 0
INVAR-31, Run: 071, P, 0, 0, 0, 0, 0
INVAR-31, Run: 072, P, 0, 0, 0, 0, 0
INVAR-31, Run: 073, P, 0, 0, 0, 0, 0
INVAR-31, Run: 074, P, 0, 0, 0, 0, 0
INVAR-31, Run: 075, P, 0, 0, 0, 0, 0
INVAR-31, Run: 076, P, 0, 0, 0, 0, 0
INVAR-31, Run: 077, P, 0, 0, 0, 0, 0
INVAR-31, Run: 078, P, 0, 0, 0, 0, 0
INVAR-31, Run: 079, P, 0, 0, 0, 0, 0
INVAR-31, Run: 080, P, 0, 0, 0, 0, 0
INVAR-31, Run: 081, P, 0, 0, 0, 0, 0
INVAR-31, Run: 082, P, 0, 0, 0, 0, 0
INVAR-31, Run: 083, P, 0, 0, 0, 0, 0
INVAR-31, Run: 084, P, 0, 0, 0, 0, 0
INVAR-31, Run: 085, P, 0, 0, 0, 0, 0
INVAR-31, Run: 086, P, 0, 0, 0, 0, 0
INVAR-31, Run: 087, P, 0, 0, 0, 0, 0
INVAR-31, Run: 088, P, 0, 0, 0, 0, 0
INVAR-31, Run: 089, P, 0, 0, 0, 0, 0
INVAR-31, Run: 090, P, 0, 0, 0, 0, 0
INVAR-31, Run: 091, P, 0, 0, 0, 0, 0
INVAR-31, Run: 092, P, 0, 0, 0, 0, 0
INVAR-31, Run: 093, P, 0, 0, 0, 0, 0
INVAR-31, Run: 094, P, 0, 0, 0, 0, 0
INVAR-31, Run: 095, P, 0, 0, 0, 0, 0
INVAR-31, Run: 096, P, 0, 0, 0, 0, 0
INVAR-31, Run: 097, P, 0, 0, 0, 0, 0
INVAR-31, Run: 098, P, 0, 0, 0, 0, 0
INVAR-31, Run: 099, P, 0, 0, 0, 0, 0
INVAR-31, Run: 100, P, 0, 0, 0, 0, 0
INVAR-32, Run: 001, P, 50, 0, 0, 0, 0
INVAR-32, Run: 002, P, 50, 0, 0, 0, 0
INVAR-32, Run: 003, P, 50, 0, 0, 0, 0
INVAR-32, Run: 004, P, 50, 0, 0, 0, 0
INVAR-32, Run: 005, P, 50, 0, 0, 0, 0
INVAR-32, Run: 006, P, 50, 0, 0, 0, 0
INVAR-32, Run: 007, P, 50, 0, 0, 0, 0
INVAR-32, Run: 008, P, 50, 0, 0, 0, 0
INVAR-32, Run: 009, P, 50, 0, 0, 0, 0
INVAR-32, Run: 010, P, 50, 0, 0, 0, 0
INVAR-32, Run: 011, P, 50, 0, 0, 0, 0
INVAR-32, Run: 012, P, 50, 0, 0, 0, 0
INVAR-32, Run: 013, P, 50, 0, 0, 0, 0
INVAR-32, Run: 014, P, 50, 0, 0, 0, 0
INVAR-32, Run: 015, P, 50, 0, 0, 0, 0
INVAR-32, Run: 016, P, 50, 0, 0, 0, 0
INVAR-32, Run: 017, P, 50, 0, 0, 0, 0
INVAR-32, Run: 018, P, 50, 0, 0, 0, 0
INVAR-32, Run: 019, P, 50, 0, 0, 0, 0
INVAR-32, Run: 020, P, 50, 0, 0, 0, 0
INVAR-32, Run: 021, P, 50, 0, 0, 0, 0
INVAR-32, Run: 022, P, 50, 0, 0, 0, 0
INVAR-32, Run: 023, P, 50, 0, 0, 0, 0
INVAR-32, Run: 024, P, 50, 0, 0, 0, 0
INVAR-32, Run: 025, P, 50, 0, 0, 0, 0
INVAR-32, Run: 026, P, 50, 0, 0, 0, 0
INVAR-32, Run: 027, P, 50, 0, 0, 0, 0
INVAR-32, Run: 028, P, 50, 0, 0, 0, 0
INVAR-32, Run: 029, P, 50, 0, 0, 0, 0
INVAR-32, Run: 030, P, 50, 0, 0, 0, 0
INVAR-32, Run: 031, P, 50, 0, 0, 0, 0
INVAR-32, Run: 032, P, 50, 0, 0, 0, 0
INVAR-32, Run: 033, P, 50, 0, 0, 0, 0
INVAR-32, Run: 034, P, 50, 0, 0, 0, 0
INVAR-32, Run: 035, P, 50, 0, 0, 0, 0
INVAR-32, Run: 036, P, 50, 0, 0, 0, 0
INVAR-32, Run: 037, P, 50, 0, 0, 0, 0
INVAR-32, Run: 038, P, 50, 0, 0, 0, 0
INVAR-32, Run: 039, P, 50, 0, 0, 0, 0
INVAR-32, Run: 040, P, 50, 0, 0, 0, 0
INVAR-32, Run: 041, P, 50, 0, 0, 0, 0
INVAR-32, Run: 042, P, 50, 0, 0, 0, 0
INVAR-32, Run: 043, P, 50, 0, 0, 0, 0
INVAR-32, Run: 044, P, 50, 0, 0, 0, 0
INVAR-32, Run: 045, P, 50, 0, 0, 0, 0
INVAR-32, Run: 046, P, 50, 0, 0, 0, 0
INVAR-32, Run: 047, P, 50, 0, 0, 0, 0
INVAR-32, Run: 048, P, 50, 0, 0, 0, 0
INVAR-32, Run: 049, P, 50, 0, 0, 0, 0
INVAR-32, Run: 050, P, 50, 0, 0, 0, 0
INVAR-32, Run: 051, P, 50, 0, 0, 0, 0
INVAR-32, Run: 052, P, 50, 0, 0, 0, 0
INVAR-32, Run: 053, P, 50, 0, 0, 0, 0
INVAR-32, Run: 054, P, 50, 0, 0, 0, 0
INVAR-32, Run: 055, P, 50, 0, 0, 0, 0
INVAR-32, Run: 056, P, 50, 0, 0, 0, 0
INVAR-32, Run: 057, P, 50, 0, 0, 0, 0
INVAR-32, Run: 058, P, 50, 0, 0, 0, 0
INVAR-32, Run: 059, P, 50, 0, 0, 0, 0
INVAR-32, Run: 060, P, 50, 0, 0, 0, 0
INVAR-32, Run: 061, P, 50, 0, 0, 0, 0
INVAR-32, Run: 062, P, 50, 0, 0, 0, 0
INVAR-32, Run: 063, P, 50, 0, 0, 0, 0
INVAR-32, Run: 064, P, 50, 0, 0, 0, 0
INVAR-32, Run: 065, P, 50, 0, 0, 0, 0
INVAR-32, Run: 066, P, 50, 0, 0, 0, 0
INVAR-32, Run: 067, P, 50, 0, 0, 0, 0
INVAR-32, Run: 068, P, 50, 0, 0, 0, 0
INVAR-32, Run: 069, P, 50, 0, 0, 0, 0
INVAR-32, Run: 070, P, 50, 0, 0, 0, 0
INVAR-32, Run: 071, P, 50, 0, 0, 0, 0
INVAR-32, Run: 072, P, 50, 0, 0, 0, 0
INVAR-32, Run: 073, P, 50, 0, 0, 0, 0
INVAR-32, Run: 074, P, 50, 0, 0, 0, 0
INVAR-32, Run: 075, P, 50, 0, 0, 0, 0
INVAR-32, Run: 076, P, 50, 0, 0, 0, 0
INVAR-32, Run: 077, P, 50, 0, 0, 0, 0
INVAR-32, Run: 078, P, 50, 0, 0, 0, 0
INVAR-32, Run: 079, P, 50, 0, 0, 0, 0
INVAR-32, Run: 080, P, 50, 0, 0, 0, 0
INVAR-32, Run: 081, P, 50, 0, 0, 0, 0
INVAR-32, Run: 082, P, 50, 0, 0, 0, 0
INVAR-32, Run: 083, P, 50, 0, 0, 0, 0
INVAR-32, Run: 084, P, 50, 0, 0, 0, 0
INVAR-32, Run: 085, P, 50, 0, 0, 0, 0
INVAR-32, Run: 086, P, 50, 0, 0, 0, 0
INVAR-32, Run: 087, P, 50, 0, 0, 0, 0
INVAR-32, Run: 088, P, 50, 0, 0, 0, 0
INVAR-32, Run: 089, P, 50, 0, 0, 0, 0
INVAR-32, Run: 090, P, 50, 0, 0, 0, 0
INVAR-32, Run: 091, P, 50, 0, 0, 0, 0
INVAR-32, Run: 092, P, 50, 0, 0, 0, 0
INVAR-32, Run: 093, P, 50, 0, 0, 0, 0
INVAR-32, Run: 094, P, 50, 0, 0, 0, 0
INVAR-32, Run: 095, P, 50, 0, 0, 0, 0
INVAR-32, Run: 096, P, 50, 0, 0, 0, 0
INVAR-32, Run: 097, P, 50, 0, 0, 0, 0
INVAR-32, Run: 098, P, 50, 0, 0, 0, 0
INVAR-32, Run: 099, P, 50, 0, 0, 0, 0
INVAR-32, Run: 100, P, 50, 0, 0, 0, 0
INVAR-33, Run: 001, P, 100, 0, 0, 0, 0
INVAR-33, Run: 002, P, 100, 0, 0, 0, 0
INVAR-33, Run: 003, P, 100, 0, 0, 0, 0
INVAR-33, Run: 004, P, 100, 0, 0, 0, 0
INVAR-33, Run: 005, P, 100, 0, 0, 0, 0
INVAR-33, Run: 006, P, 100, 0, 0, 0, 0
INVAR-33, Run: 007, P, 100, 0, 0, 0, 0
INVAR-33, Run: 008, P, 100, 0, 0, 0, 0
INVAR-33, Run: 009, P, 100, 0, 0, 0, 0
INVAR-33, Run: 010, P, 100, 0, 0, 0, 0
INVAR-33, Run: 011, P, 100, 0, 0, 0, 0
INVAR-33, Run: 012, P, 100, 0, 0, 0, 0
INVAR-33, Run: 013, P, 100, 0, 0, 0, 0
INVAR-33, Run: 014, P, 100, 0, 0, 0, 0
INVAR-33, Run: 015, P, 100, 0, 0, 0, 0
INVAR-33, Run: 016, P, 100, 0, 0, 0, 0
INVAR-33, Run: 017, P, 100, 0, 0, 0, 0
INVAR-33, Run: 018, P, 100, 0, 0, 0, 0
INVAR-33, Run: 019, P, 100, 0, 0, 0, 0
INVAR-33, Run: 020, P, 100, 0, 0, 0, 0
INVAR-33, Run: 021, P, 100, 0, 0, 0, 0
INVAR-33, Run: 022, P, 100, 0, 0, 0, 0
INVAR-33, Run: 023, P, 100, 0, 0, 0, 0
INVAR-33, Run: 024, P, 100, 0, 0, 0, 0
INVAR-33, Run: 025, P, 100, 0, 0, 0, 0
INVAR-33, Run: 026, P, 100, 0, 0, 0, 0
INVAR-33, Run: 027, P, 100, 0, 0, 0, 0
INVAR-33, Run: 028, P, 100, 0, 0, 0, 0
INVAR-33, Run: 029, P, 100, 0, 0, 0, 0
INVAR-33, Run: 030, P, 100, 0, 0, 0, 0
INVAR-33, Run: 031, P, 100, 0, 0, 0, 0
INVAR-33, Run: 032, P, 100, 0, 0, 0, 0
INVAR-33, Run: 033, P, 100, 0, 0, 0, 0
INVAR-33, Run: 034, P, 100, 0, 0, 0, 0
INVAR-33, Run: 035, P, 100, 0, 0, 0, 0
INVAR-33, Run: 036, P, 100, 0, 0, 0, 0
INVAR-33, Run: 037, P, 100, 0, 0, 0, 0
INVAR-33, Run: 038, P, 100, 0, 0, 0, 0
INVAR-33, Run: 039, P, 100, 0, 0, 0, 0
INVAR-33, Run: 040, P, 100, 0, 0, 0, 0
INVAR-33, Run: 041, P, 100, 0, 0, 0, 0
INVAR-33, Run: 042, P, 100, 0, 0, 0, 0
INVAR-33, Run: 043, P, 100, 0, 0, 0, 0
INVAR-33, Run: 044, P, 100, 0, 0, 0, 0
INVAR-33, Run: 045, P, 100, 0, 0, 0, 0
INVAR-33, Run: 046, P, 100, 0, 0, 0, 0
INVAR-33, Run: 047, P, 100, 0, 0, 0, 0
INVAR-33, Run: 048, P, 100, 0, 0, 0, 0
INVAR-33, Run: 049, P, 100, 0, 0, 0, 0
INVAR-33, Run: 050, P, 100, 0, 0, 0, 0
INVAR-33, Run: 051, P, 100, 0, 0, 0, 0
INVAR-33, Run: 052, P, 100, 0, 0, 0, 0
INVAR-33, Run: 053, P, 100, 0, 0, 0, 0
INVAR-33, Run: 054, P, 100, 0, 0, 0, 0
INVAR-33, Run: 055, P, 100, 0, 0, 0, 0
INVAR-33, Run: 056, P, 100, 0, 0, 0, 0
INVAR-33, Run: 057, P, 100, 0, 0, 0, 0
INVAR-33, Run: 058, P, 100, 0, 0, 0, 0
INVAR-33, Run: 059, P, 100, 0, 0, 0, 0
INVAR-33, Run: 060, P, 100, 0, 0, 0, 0
INVAR-33, Run: 061, P, 100, 0, 0, 0, 0
INVAR-33, Run: 062, P, 100, 0, 0, 0, 0
INVAR-33, Run: 063, P, 100, 0, 0, 0, 0
INVAR-33, Run: 064, P, 100, 0, 0, 0, 0
INVAR-33, Run: 065, P, 100, 0, 0, 0, 0
INVAR-33, Run: 066, P, 100, 0, 0, 0, 0
INVAR-33, Run: 067, P, 100, 0, 0, 0, 0
INVAR-33, Run: 068, P, 100, 0, 0, 0, 0
INVAR-33, Run: 069, P, 100, 0, 0, 0, 0
INVAR-33, Run: 070, P, 100, 0, 0, 0, 0
INVAR-33, Run: 071, P, 100, 0, 0, 0, 0
INVAR-33, Run: 072, P, 100, 0, 0, 0, 0
INVAR-33, Run: 073, P, 100, 0, 0, 0, 0
INVAR-33, Run: 074, P, 100, 0, 0, 0, 0
INVAR-33, Run: 075, P, 100, 0, 0, 0, 0
INVAR-33, Run: 076, P, 100, 0, 0, 0, 0
INVAR-33, Run: 077, P, 100, 0, 0, 0, 0
INVAR-33, Run: 078, P, 100, 0, 0, 0, 0
INVAR-33, Run: 079, P, 100, 0, 0, 0, 0
INVAR-33, Run: 080, P, 100, 0, 0, 0, 0
INVAR-33, Run: 081, P, 100, 0, 0, 0, 0
INVAR-33, Run: 082, P, 100, 0, 0, 0, 0
INVAR-33, Run: 083, P, 100, 0, 0, 0, 0
INVAR-33, Run: 084, P, 100, 0, 0, 0, 0
INVAR-33, Run: 085, P, 100, 0, 0, 0, 0
INVAR-33, Run: 086, P, 100, 0, 0, 0, 0
INVAR-33, Run: 087, P, 100, 0, 0, 0, 0
INVAR-33, Run: 088, P, 100, 0, 0, 0, 0
INVAR-33, Run: 089, P, 100, 0, 0, 0, 0
INVAR-33, Run: 090, P, 100, 0, 0, 0, 0
INVAR-33, Run: 091, P, 100, 0, 0, 0, 0
INVAR-33, Run: 092, P, 100, 0, 0, 0, 0
INVAR-33, Run: 093, P, 100, 0, 0, 0, 0
INVAR-33, Run: 094, P, 100, 0, 0, 0, 0
INVAR-33, Run: 095, P, 100, 0, 0, 0, 0
INVAR-33, Run: 096, P, 100, 0, 0, 0, 0
INVAR-33, Run: 097, P, 100, 0, 0, 0, 0
INVAR-33, Run: 098, P, 100, 0, 0, 0, 0
INVAR-33, Run: 099, P, 100, 0, 0, 0, 0
INVAR-33, Run: 100, P, 100, 0, 0, 0, 0
INVAR-34, Run: 001, P, 200, 0, 0, 0, 0
INVAR-34, Run: 002, P, 200, 0, 0, 0, 0
INVAR-34, Run: 003, P, 200, 0, 0, 0, 0
INVAR-34, Run: 004, P, 200, 0, 0, 0, 0
INVAR-34, Run: 005, P, 200, 0, 0, 0, 0
INVAR-34, Run: 006, P, 200, 0, 0, 0, 0
INVAR-34, Run: 007, P, 200, 0, 0, 0, 0
INVAR-34, Run: 008, P, 200, 0, 0, 0, 0
INVAR-34, Run: 009, P, 200, 0, 0, 0, 0
INVAR-34, Run: 010, P, 200, 0, 0, 0, 0
INVAR-34, Run: 011, P, 200, 0, 0, 0, 0
INVAR-34, Run: 012, P, 200, 0, 0, 0, 0
INVAR-34, Run: 013, P, 200, 0, 0, 0, 0
INVAR-34, Run: 014, P, 200, 0, 0, 0, 0
INVAR-34, Run: 015, P, 200, 0, 0, 0, 0
INVAR-34, Run: 016, P, 200, 0, 0, 0, 0
INVAR-34, Run: 017, P, 200, 0, 0, 0, 0
INVAR-34, Run: 018, P, 200, 0, 0, 0, 0
INVAR-34, Run: 019, P, 200, 0, 0, 0, 0
INVAR-34, Run: 020, P, 200, 0, 0, 0, 0
INVAR-34, Run: 021, P, 200, 0, 0, 0, 0
INVAR-34, Run: 022, P, 200, 0, 0, 0, 0
INVAR-34, Run: 023, P, 200, 0, 0, 0, 0
INVAR-34, Run: 024, P, 200, 0, 0, 0, 0
INVAR-34, Run: 025, P, 200, 0, 0, 0, 0
INVAR-34, Run: 026, P, 200, 0, 0, 0, 0
INVAR-34, Run: 027, P, 200, 0, 0, 0, 0
INVAR-34, Run: 028, P, 200, 0, 0, 0, 0
INVAR-34, Run: 029, P, 200, 0, 0, 0, 0
INVAR-34, Run: 030, P, 200, 0, 0, 0, 0
INVAR-34, Run: 031, P, 200, 0, 0, 0, 0
INVAR-34, Run: 032, P, 200, 0, 0, 0, 0
INVAR-34, Run: 033, P, 200, 0, 0, 0, 0
INVAR-34, Run: 034, P, 200, 0, 0, 0, 0
INVAR-34, Run: 035, P, 200, 0, 0, 0, 0
INVAR-34, Run: 036, P, 200, 0, 0, 0, 0
INVAR-34, Run: 037, P, 200, 0, 0, 0, 0
INVAR-34, Run: 038, P, 200, 0, 0, 0, 0
INVAR-34, Run: 039, P, 200, 0, 0, 0, 0
INVAR-34, Run: 040, P, 200, 0, 0, 0, 0
INVAR-34, Run: 041, P, 200, 0, 0, 0, 0
INVAR-34, Run: 042, P, 200, 0, 0, 0, 0
INVAR-34, Run: 043, P, 200, 0, 0, 0, 0
INVAR-34, Run: 044, P, 200, 0, 0, 0, 0
INVAR-34, Run: 045, P, 200, 0, 0, 0, 0
INVAR-34, Run: 046, P, 200, 0, 0, 0, 0
INVAR-34, Run: 047, P, 200, 0, 0, 0, 0
INVAR-34, Run: 048, P, 200, 0, 0, 0, 0
INVAR-34, Run: 049, P, 200, 0, 0, 0, 0
INVAR-34, Run: 050, P, 200, 0, 0, 0, 0
INVAR-34, Run: 051, P, 200, 0, 0, 0, 0
INVAR-34, Run: 052, P, 200, 0, 0, 0, 0
INVAR-34, Run: 053, P, 200, 0, 0, 0, 0
INVAR-34, Run: 054, P, 200, 0, 0, 0, 0
INVAR-34, Run: 055, P, 200, 0, 0, 0, 0
INVAR-34, Run: 056, P, 200, 0, 0, 0, 0
INVAR-34, Run: 057, P, 200, 0, 0, 0, 0
INVAR-34, Run: 058, P, 200, 0, 0, 0, 0
INVAR-34, Run: 059, P, 200, 0, 0, 0, 0
INVAR-34, Run: 060, P, 200, 0, 0, 0, 0
INVAR-34, Run: 061, P, 200, 0, 0, 0, 0
INVAR-34, Run: 062, P, 200, 0, 0, 0, 0
INVAR-34, Run: 063, P, 200, 0, 0, 0, 0
INVAR-34, Run: 064, P, 200, 0, 0, 0, 0
INVAR-34, Run: 065, P, 200, 0, 0, 0, 0
INVAR-34, Run: 066, P, 200, 0, 0, 0, 0
INVAR-34, Run: 067, P, 200, 0, 0, 0, 0
INVAR-34, Run: 068, P, 200, 0, 0, 0, 0
INVAR-34, Run: 069, P, 200, 0, 0, 0, 0
INVAR-34, Run: 070, P, 200, 0, 0, 0, 0
INVAR-34, Run: 071, P, 200, 0, 0, 0, 0
INVAR-34, Run: 072, P, 200, 0, 0, 0, 0
INVAR-34, Run: 073, P, 200, 0, 0, 0, 0
INVAR-34, Run: 074, P, 200, 0, 0, 0, 0
INVAR-34, Run: 075, P, 200, 0, 0, 0, 0
INVAR-34, Run: 076, P, 200, 0, 0, 0, 0
INVAR-34, Run: 077, P, 200, 0, 0, 0, 0
INVAR-34, Run: 078, P, 200, 0, 0, 0, 0
INVAR-34, Run: 079, P, 200, 0, 0, 0, 0
INVAR-34, Run: 080, P, 200, 0, 0, 0, 0
INVAR-34, Run: 081, P, 200, 0, 0, 0, 0
INVAR-34, Run: 082, P, 200, 0, 0, 0, 0
INVAR-34, Run: 083, P, 200, 0, 0, 0, 0
INVAR-34, Run: 084, P, 200, 0, 0, 0, 0
INVAR-34, Run: 085, P, 200, 0, 0, 0, 0
INVAR-34, Run: 086, P, 200, 0, 0, 0, 0
INVAR-34, Run: 087, P, 200, 0, 0, 0, 0
INVAR-34, Run: 088, P, 200, 0, 0, 0, 0
INVAR-34, Run: 089, P, 200, 0, 0, 0, 0
INVAR-34, Run: 090, P, 200, 0, 0, 0, 0
INVAR-34, Run: 091, P, 200, 0, 0, 0, 0
INVAR-34, Run: 092, P, 200, 0, 0, 0, 0
INVAR-34, Run: 093, P, 200, 0, 0, 0, 0
INVAR-34, Run: 094, P, 200, 0, 0, 0, 0
INVAR-34, Run: 095, P, 200, 0, 0, 0, 0
INVAR-34, Run: 096, P, 200, 0, 0, 0, 0
INVAR-34, Run: 097, P, 200, 0, 0, 0, 0
INVAR-34, Run: 098, P, 200, 0, 0, 0, 0
INVAR-34, Run: 099, P, 200, 0, 0, 0, 0
INVAR-34, Run: 100, P, 200, 0, 0, 0, 0
INVAR-35, Run: 001, F, 19, 0, 14, 31, 17
INVAR-35, Run: 002, F, 17, 0, 18, 33, 15
INVAR-35, Run: 003, F, 15, 0, 22, 35, 13
INVAR-35, Run: 004, F, 20, 0, 12, 30, 18
INVAR-35, Run: 005, F, 18, 0, 16, 32, 16
INVAR-35, Run: 006, F, 16, 0, 20, 34, 14
INVAR-35, Run: 007, F, 16, 0, 20, 34, 14
INVAR-35, Run: 008, F, 16, 0, 20, 34, 14
INVAR-35, Run: 009, F, 16, 0, 20, 34, 14
INVAR-35, Run: 010, F, 19, 0, 14, 31, 17
INVAR-35, Run: 011, F, 16, 0, 20, 34, 14
INVAR-35, Run: 012, F, 16, 0, 20, 34, 14
INVAR-35, Run: 013, F, 21, 0, 10, 29, 19
INVAR-35, Run: 014, F, 20, 0, 12, 30, 18
INVAR-35, Run: 015, F, 17, 0, 18, 33, 15
INVAR-35, Run: 016, F, 18, 0, 16, 32, 16
INVAR-35, Run: 017, F, 15, 0, 22, 35, 13
INVAR-35, Run: 018, F, 16, 0, 20, 34, 14
INVAR-35, Run: 019, F, 16, 0, 20, 34, 14
INVAR-35, Run: 020, F, 16, 0, 20, 34, 14
INVAR-35, Run: 021, F, 17, 0, 18, 33, 15
INVAR-35, Run: 022, F, 19, 0, 14, 31, 17
INVAR-35, Run: 023, F, 17, 0, 18, 33, 15
INVAR-35, Run: 024, F, 15, 0, 22, 35, 13
INVAR-35, Run: 025, F, 16, 0, 20, 34, 14
INVAR-35, Run: 026, F, 15, 0, 22, 35, 13
INVAR-35, Run: 027, F, 16, 0, 20, 34, 14
INVAR-35, Run: 028, F, 17, 0, 18, 33, 15
INVAR-35, Run: 029, F, 18, 0, 16, 32, 16
INVAR-35, Run: 030, F, 16, 0, 20, 34, 14
INVAR-35, Run: 031, F, 18, 0, 16, 32, 16
INVAR-35, Run: 032, F, 18, 0, 16, 32, 16
INVAR-35, Run: 033, F, 16, 0, 20, 34, 14
INVAR-35, Run: 034, F, 17, 0, 18, 33, 15
INVAR-35, Run: 035, F, 16, 0, 20, 34, 14
INVAR-35, Run: 036, F, 16, 0, 20, 34, 14
INVAR-35, Run: 037, F, 16, 0, 20, 34, 14
INVAR-35, Run: 038, F, 17, 0, 18, 33, 15
INVAR-35, Run: 039, F, 15, 0, 22, 35, 13
INVAR-35, Run: 040, F, 19, 0, 14, 31, 17
INVAR-35, Run: 041, F, 16, 0, 20, 34, 14
INVAR-35, Run: 042, F, 17, 0, 18, 33, 15
INVAR-35, Run: 043, F, 16, 0, 20, 34, 14
INVAR-35, Run: 044, F, 16, 0, 20, 34, 14
INVAR-35, Run: 045, F, 18, 0, 16, 32, 16
INVAR-35, Run: 046, F, 17, 0, 18, 33, 15
INVAR-35, Run: 047, F, 17, 0, 18, 33, 15
INVAR-35, Run: 048, F, 19, 0, 14, 31, 17
INVAR-35, Run: 049, F, 19, 0, 14, 31, 17
INVAR-35, Run: 050, F, 20, 0, 12, 30, 18
INVAR-35, Run: 051, F, 14, 0, 24, 36, 12
INVAR-35, Run: 052, F, 16, 0, 20, 34, 14
INVAR-35, Run: 053, F, 16, 0, 20, 34, 14
INVAR-35, Run: 054, F, 13, 0, 26, 37, 11
INVAR-35, Run: 055, F, 20, 0, 12, 30, 18
INVAR-35, Run: 056, F, 15, 0, 22, 35, 13
INVAR-35, Run: 057, F, 15, 0, 22, 35, 13
INVAR-35, Run: 058, F, 18, 0, 16, 32, 16
INVAR-35, Run: 059, F, 19, 0, 14, 31, 17
INVAR-35, Run: 060, F, 14, 0, 24, 36, 12
INVAR-35, Run: 061, F, 15, 0, 22, 35, 13
INVAR-35, Run: 062, F, 17, 0, 18, 33, 15
INVAR-35, Run: 063, F, 17, 0, 18, 33, 15
INVAR-35, Run: 064, F, 19, 0, 14, 31, 17
INVAR-35, Run: 065, F, 15, 0, 22, 35, 13
INVAR-35, Run: 066, F, 19, 0, 14, 31, 17
INVAR-35, Run: 067, F, 14, 0, 24, 36, 12
INVAR-35, Run: 068, F, 17, 0, 18, 33, 15
INVAR-35, Run: 069, F, 15, 0, 22, 35, 13
INVAR-35, Run: 070, F, 15, 0, 22, 35, 13
INVAR-35, Run: 071, F, 16, 0, 20, 34, 14
INVAR-35, Run: 072, F, 15, 0, 22, 35, 13
INVAR-35, Run: 073, F, 15, 0, 22, 35, 13
INVAR-35, Run: 074, F, 17, 0, 18, 33, 15
INVAR-35, Run: 075, F, 15, 0, 22, 35, 13
INVAR-35, Run: 076, F, 19, 0, 14, 31, 17
INVAR-35, Run: 077, F, 16, 0, 20, 34, 14
INVAR-35, Run: 078, F, 18, 0, 16, 32, 16
INVAR-35, Run: 079, F, 18, 0, 16, 32, 16
INVAR-35, Run: 080, F, 17, 0, 18, 33, 15
INVAR-35, Run: 081, F, 17, 0, 18, 33, 15
INVAR-35, Run: 082, F, 17, 0, 18, 33, 15
INVAR-35, Run: 083, F, 16, 0, 20, 34, 14
INVAR-35, Run: 084, F, 20, 0, 12, 30, 18
INVAR-35, Run: 085, F, 18, 0, 16, 32, 16
INVAR-35, Run: 086, F, 13, 0, 26, 37, 11
INVAR-35, Run: 087, F, 14, 0, 24, 36, 12
INVAR-35, Run: 088, F, 18, 0, 16, 32, 16
INVAR-35, Run: 089, F, 13, 0, 26, 37, 11
INVAR-35, Run: 090, F, 16, 0, 20, 34, 14
INVAR-35, Run: 091, F, 17, 0, 18, 33, 15
INVAR-35, Run: 092, F, 16, 0, 20, 34, 14
INVAR-35, Run: 093, F, 18, 0, 16, 32, 16
INVAR-35, Run: 094, F, 16, 0, 20, 34, 14
INVAR-35, Run: 095, F, 19, 0, 14, 31, 17
INVAR-35, Run: 096, F, 17, 0, 18, 33, 15
INVAR-35, Run: 097, F, 17, 0, 18, 33, 15
INVAR-35, Run: 098, F, 16, 0, 20, 34, 14
INVAR-35, Run: 099, F, 16, 0, 20, 34, 14
INVAR-35, Run: 100, F, 16, 0, 20, 34, 14
INVAR-36, Run: 001, F, 56, 0, 36, 44, 8
INVAR-36, Run: 002, F, 57, 0, 34, 43, 9
INVAR-36, Run: 003, F, 59, 0, 30, 41, 11
INVAR-36, Run: 004, F, 57, 0, 34, 43, 9
INVAR-36, Run: 005, F, 57, 0, 34, 43, 9
INVAR-36, Run: 006, F, 57, 0, 34, 43, 9
INVAR-36, Run: 007, F, 60, 0, 28, 40, 12
INVAR-36, Run: 008, F, 61, 0, 26, 39, 13
INVAR-36, Run: 009, F, 57, 0, 34, 43, 9
INVAR-36, Run: 010, F, 59, 0, 30, 41, 11
INVAR-36, Run: 011, F, 59, 0, 30, 41, 11
INVAR-36, Run: 012, F, 59, 0, 30, 41, 11
INVAR-36, Run: 013, F, 58, 0, 32, 42, 10
INVAR-36, Run: 014, F, 59, 0, 30, 41, 11
INVAR-36, Run: 015, F, 57, 0, 34, 43, 9
INVAR-36, Run: 016, F, 61, 0, 26, 39, 13
INVAR-36, Run: 017, F, 57, 0, 34, 43, 9
INVAR-36, Run: 018, F, 56, 0, 36, 44, 8
INVAR-36, Run: 019, F, 56, 0, 36, 44, 8
INVAR-36, Run: 020, F, 60, 0, 28, 40, 12
INVAR-36, Run: 021, F, 59, 0, 30, 41, 11
INVAR-36, Run: 022, F, 61, 0, 26, 39, 13
INVAR-36, Run: 023, F, 60, 0, 28, 40, 12
INVAR-36, Run: 024, F, 59, 0, 30, 41, 11
INVAR-36, Run: 025, F, 58, 0, 32, 42, 10
INVAR-36, Run: 026, F, 56, 0, 36, 44, 8
INVAR-36, Run: 027, F, 54, 0, 40, 46, 6
INVAR-36, Run: 028, F, 61, 0, 26, 39, 13
INVAR-36, Run: 029, F, 57, 0, 34, 43, 9
INVAR-36, Run: 030, F, 57, 0, 34, 43, 9
INVAR-36, Run: 031, F, 58, 0, 32, 42, 10
INVAR-36, Run: 032, F, 60, 0, 28, 40, 12
INVAR-36, Run: 033, F, 57, 0, 34, 43, 9
INVAR-36, Run: 034, F, 58, 0, 32, 42, 10
INVAR-36, Run: 035, F, 59, 0, 30, 41, 11
INVAR-36, Run: 036, F, 56, 0, 36, 44, 8
INVAR-36, Run: 037, F, 61, 0, 26, 39, 13
INVAR-36, Run: 038, F, 58, 0, 32, 42, 10
INVAR-36, Run: 039, F, 55, 0, 38, 45, 7
INVAR-36, Run: 040, F, 59, 0, 30, 41, 11
INVAR-36, Run: 041, F, 56, 0, 36, 44, 8
INVAR-36, Run: 042, F, 56, 0, 36, 44, 8
INVAR-36, Run: 043, F, 56, 0, 36, 44, 8
INVAR-36, Run: 044, F, 63, 0, 22, 37, 15
INVAR-36, Run: 045, F, 55, 0, 38, 45, 7
INVAR-36, Run: 046, F, 57, 0, 34, 43, 9
INVAR-36, Run: 047, F, 58, 0, 32, 42, 10
INVAR-36, Run: 048, F, 56, 0, 36, 44, 8
INVAR-36, Run: 049, F, 57, 0, 34, 43, 9
INVAR-36, Run: 050, F, 60, 0, 28, 40, 12
INVAR-36, Run: 051, F, 57, 0, 34, 43, 9
INVAR-36, Run: 052, F, 57, 0, 34, 43, 9
INVAR-36, Run: 053, F, 60, 0, 28, 40, 12
INVAR-36, Run: 054, F, 58, 0, 32, 42, 10
INVAR-36, Run: 055, F, 63, 0, 22, 37, 15
INVAR-36, Run: 056, F, 60, 0, 28, 40, 12
INVAR-36, Run: 057, F, 55, 0, 38, 45, 7
INVAR-36, Run: 058, F, 59, 0, 30, 41, 11
INVAR-36, Run: 059, F, 63, 0, 22, 37, 15
INVAR-36, Run: 060, F, 62, 0, 24, 38, 14
INVAR-36, Run: 061, F, 59, 0, 30, 41, 11
INVAR-36, Run: 062, F, 58, 0, 32, 42, 10
INVAR-36, Run: 063, F, 60, 0, 28, 40, 12
INVAR-36, Run: 064, F, 57, 0, 34, 43, 9
INVAR-36, Run: 065, F, 62, 0, 24, 38, 14
INVAR-36, Run: 066, F, 60, 0, 28, 40, 12
INVAR-36, Run: 067, F, 61, 0, 26, 39, 13
INVAR-36, Run: 068, F, 57, 0, 34, 43, 9
INVAR-36, Run: 069, F, 59, 0, 30, 41, 11
INVAR-36, Run: 070, F, 58, 0, 32, 42, 10
INVAR-36, Run: 071, F, 55, 0, 38, 45, 7
INVAR-36, Run: 072, F, 59, 0, 30, 41, 11
INVAR-36, Run: 073, F, 57, 0, 34, 43, 9
INVAR-36, Run: 074, F, 56, 0, 36, 44, 8
INVAR-36, Run: 075, F, 59, 0, 30, 41, 11
INVAR-36, Run: 076, F, 59, 0, 30, 41, 11
INVAR-36, Run: 077, F, 61, 0, 26, 39, 13
INVAR-36, Run: 078, F, 57, 0, 34, 43, 9
INVAR-36, Run: 079, F, 60, 0, 28, 40, 12
INVAR-36, Run: 080, F, 58, 0, 32, 42, 10
INVAR-36, Run: 081, F, 58, 0, 32, 42, 10
INVAR-36, Run: 082, F, 56, 0, 36, 44, 8
INVAR-36, Run: 083, F, 56, 0, 36, 44, 8
INVAR-36, Run: 084, F, 55, 0, 38, 45, 7
INVAR-36, Run: 085, F, 59, 0, 30, 41, 11
INVAR-36, Run: 086, F, 57, 0, 34, 43, 9
INVAR-36, Run: 087, F, 56, 0, 36, 44, 8
INVAR-36, Run: 088, F, 56, 0, 36, 44, 8
INVAR-36, Run: 089, F, 61, 0, 26, 39, 13
INVAR-36, Run: 090, F, 62, 0, 24, 38, 14
INVAR-36, Run: 091, F, 59, 0, 30, 41, 11
INVAR-36, Run: 092, F, 56, 0, 36, 44, 8
INVAR-36, Run: 093, F, 57, 0, 34, 43, 9
INVAR-36, Run: 094, F, 55, 0, 38, 45, 7
INVAR-36, Run: 095, F, 57, 0, 34, 43, 9
INVAR-36, Run: 096, F, 62, 0, 24, 38, 14
INVAR-36, Run: 097, F, 60, 0, 28, 40, 12
INVAR-36, Run: 098, F, 56, 0, 36, 44, 8
INVAR-36, Run: 099, F, 56, 0, 36, 44, 8
INVAR-36, Run: 100, F, 58, 0, 32, 42, 10
INVAR-37, Run: 001, F, 85, 0, 76, 115, 39
INVAR-37, Run: 002, F, 88, 0, 70, 112, 42
INVAR-37, Run: 003, F, 88, 0, 70, 112, 42
INVAR-37, Run: 004, F, 92, 0, 62, 108, 46
INVAR-37, Run: 005, F, 82, 0, 82, 118, 36
INVAR-37, Run: 006, F, 87, 0, 72, 113, 41
INVAR-37, Run: 007, F, 86, 0, 74, 114, 40
INVAR-37, Run: 008, F, 89, 0, 68, 111, 43
INVAR-37, Run: 009, F, 92, 0, 62, 108, 46
INVAR-37, Run: 010, F, 84, 0, 78, 116, 38
INVAR-37, Run: 011, F, 96, 0, 54, 104, 50
INVAR-37, Run: 012, F, 85, 0, 76, 115, 39
INVAR-37, Run: 013, F, 87, 0, 72, 113, 41
INVAR-37, Run: 014, F, 82, 0, 82, 118, 36
INVAR-37, Run: 015, F, 87, 0, 72, 113, 41
INVAR-37, Run: 016, F, 88, 0, 70, 112, 42
INVAR-37, Run: 017, F, 87, 0, 72, 113, 41
INVAR-37, Run: 018, F, 85, 0, 76, 115, 39
INVAR-37, Run: 019, F, 82, 0, 82, 118, 36
INVAR-37, Run: 020, F, 90, 0, 66, 110, 44
INVAR-37, Run: 021, F, 88, 0, 70, 112, 42
INVAR-37, Run: 022, F, 81, 0, 84, 119, 35
INVAR-37, Run: 023, F, 89, 0, 68, 111, 43
INVAR-37, Run: 024, F, 90, 0, 66, 110, 44
INVAR-37, Run: 025, F, 88, 0, 70, 112, 42
INVAR-37, Run: 026, F, 82, 0, 82, 118, 36
INVAR-37, Run: 027, F, 84, 0, 78, 116, 38
INVAR-37, Run: 028, F, 87, 0, 72, 113, 41
INVAR-37, Run: 029, F, 89, 0, 68, 111, 43
INVAR-37, Run: 030, F, 87, 0, 72, 113, 41
INVAR-37, Run: 031, F, 83, 0, 80, 117, 37
INVAR-37, Run: 032, F, 80, 0, 86, 120, 34
INVAR-37, Run: 033, F, 89, 0, 68, 111, 43
INVAR-37, Run: 034, F, 87, 0, 72, 113, 41
INVAR-37, Run: 035, F, 86, 0, 74, 114, 40
INVAR-37, Run: 036, F, 81, 0, 84, 119, 35
INVAR-37, Run: 037, F, 96, 0, 54, 104, 50
INVAR-37, Run: 038, F, 87, 0, 72, 113, 41
INVAR-37, Run: 039, F, 87, 0, 72, 113, 41
INVAR-37, Run: 040, F, 80, 0, 86, 120, 34
INVAR-37, Run: 041, F, 95, 0, 56, 105, 49
INVAR-37, Run: 042, F, 86, 0, 74, 114, 40
INVAR-37, Run: 043, F, 85, 0, 76, 115, 39
INVAR-37, Run: 044, F, 83, 0, 80, 117, 37
INVAR-37, Run: 045, F, 85, 0, 76, 115, 39
INVAR-37, Run: 046, F, 87, 0, 72, 113, 41
INVAR-37, Run: 047, F, 90, 0, 66, 110, 44
INVAR-37, Run: 048, F, 87, 0, 72, 113, 41
INVAR-37, Run: 049, F, 89, 0, 68, 111, 43
INVAR-37, Run: 050, F, 85, 0, 76, 115, 39
INVAR-37, Run: 051, F, 91, 0, 64, 109, 45
INVAR-37, Run: 052, F, 81, 0, 84, 119, 35
INVAR-37, Run: 053, F, 90, 0, 66, 110, 44
INVAR-37, Run: 054, F, 84, 0, 78, 116, 38
INVAR-37, Run: 055, F, 87, 0, 72, 113, 41
INVAR-37, Run: 056, F, 88, 0, 70, 112, 42
INVAR-37, Run: 057, F, 87, 0, 72, 113, 41
INVAR-37, Run: 058, F, 94, 0, 58, 106, 48
INVAR-37, Run: 059, F, 88, 0, 70, 112, 42
INVAR-37, Run: 060, F, 84, 0, 78, 116, 38
INVAR-37, Run: 061, F, 93, 0, 60, 107, 47
INVAR-37, Run: 062, F, 87, 0, 72, 113, 41
INVAR-37, Run: 063, F, 88, 0, 70, 112, 42
INVAR-37, Run: 064, F, 84, 0, 78, 116, 38
INVAR-37, Run: 065, F, 93, 0, 60, 107, 47
INVAR-37, Run: 066, F, 83, 0, 80, 117, 37
INVAR-37, Run: 067, F, 94, 0, 58, 106, 48
INVAR-37, Run: 068, F, 87, 0, 72, 113, 41
INVAR-37, Run: 069, F, 85, 0, 76, 115, 39
INVAR-37, Run: 070, F, 85, 0, 76, 115, 39
INVAR-37, Run: 071, F, 87, 0, 72, 113, 41
INVAR-37, Run: 072, F, 89, 0, 68, 111, 43
INVAR-37, Run: 073, F, 85, 0, 76, 115, 39
INVAR-37, Run: 074, F, 81, 0, 84, 119, 35
INVAR-37, Run: 075, F, 89, 0, 68, 111, 43
INVAR-37, Run: 076, F, 88, 0, 70, 112, 42
INVAR-37, Run: 077, F, 82, 0, 82, 118, 36
INVAR-37, Run: 078, F, 93, 0, 60, 107, 47
INVAR-37, Run: 079, F, 89, 0, 68, 111, 43
INVAR-37, Run: 080, F, 88, 0, 70, 112, 42
INVAR-37, Run: 081, F, 90, 0, 66, 110, 44
INVAR-37, Run: 082, F, 86, 0, 74, 114, 40
INVAR-37, Run: 083, F, 81, 0, 84, 119, 35
INVAR-37, Run: 084, F, 87, 0, 72, 113, 41
INVAR-37, Run: 085, F, 82, 0, 82, 118, 36
INVAR-37, Run: 086, F, 88, 0, 70, 112, 42
INVAR-37, Run: 087, F, 86, 0, 74, 114, 40
INVAR-37, Run: 088, F, 82, 0, 82, 118, 36
INVAR-37, Run: 089, F, 84, 0, 78, 116, 38
INVAR-37, Run: 090, F, 88, 0, 70, 112, 42
INVAR-37, Run: 091, F, 88, 0, 70, 112, 42
INVAR-37, Run: 092, F, 95, 0, 56, 105, 49
INVAR-37, Run: 093, F, 81, 0, 84, 119, 35
INVAR-37, Run: 094, F, 85, 0, 76, 115, 39
INVAR-37, Run: 095, F, 82, 0, 82, 118, 36
INVAR-37, Run: 096, F, 88, 0, 70, 112, 42
INVAR-37, Run: 097, F, 84, 0, 78, 116, 38
INVAR-37, Run: 098, F, 82, 0, 82, 118, 36
INVAR-37, Run: 099, F, 88, 0, 70, 112, 42
INVAR-37, Run: 100, F, 87, 0, 72, 113, 41
INVAR-38, Run: 001, F, 26, 0, 17, 24, 7
INVAR-38, Run: 002, F, 27, 0, 15, 23, 8
INVAR-38, Run: 003, F, 23, 0, 23, 27, 4
INVAR-38, Run: 004, F, 25, 0, 19, 25, 6
INVAR-38, Run: 005, F, 28, 0, 13, 22, 9
INVAR-38, Run: 006, F, 25, 0, 19, 25, 6
INVAR-38, Run: 007, F, 25, 0, 19, 25, 6
INVAR-38, Run: 008, F, 27, 0, 15, 23, 8
INVAR-38, Run: 009, F, 22, 0, 25, 28, 3
INVAR-38, Run: 010, F, 29, 0, 11, 21, 10
INVAR-38, Run: 011, F, 25, 0, 19, 25, 6
INVAR-38, Run: 012, F, 27, 0, 15, 23, 8
INVAR-38, Run: 013, F, 24, 0, 21, 26, 5
INVAR-38, Run: 014, F, 26, 0, 17, 24, 7
INVAR-38, Run: 015, F, 24, 0, 21, 26, 5
INVAR-38, Run: 016, F, 22, 0, 25, 28, 3
INVAR-38, Run: 017, F, 25, 0, 19, 25, 6
INVAR-38, Run: 018, F, 26, 0, 17, 24, 7
INVAR-38, Run: 019, F, 24, 0, 21, 26, 5
INVAR-38, Run: 020, F, 27, 0, 15, 23, 8
INVAR-38, Run: 021, F, 25, 0, 19, 25, 6
INVAR-38, Run: 022, F, 26, 0, 17, 24, 7
INVAR-38, Run: 023, F, 29, 0, 11, 21, 10
INVAR-38, Run: 024, F, 26, 0, 17, 24, 7
INVAR-38, Run: 025, F, 29, 0, 11, 21, 10
INVAR-38, Run: 026, F, 24, 0, 21, 26, 5
INVAR-38, Run: 027, F, 27, 0, 15, 23, 8
INVAR-38, Run: 028, F, 28, 0, 13, 22, 9
INVAR-38, Run: 029, F, 27, 0, 15, 23, 8
INVAR-38, Run: 030, F, 26, 0, 17, 24, 7
INVAR-38, Run: 031, F, 27, 0, 15, 23, 8
INVAR-38, Run: 032, F, 23, 0, 23, 27, 4
INVAR-38, Run: 033, F, 28, 0, 13, 22, 9
INVAR-38, Run: 034, F, 25, 0, 19, 25, 6
INVAR-38, Run: 035, F, 27, 0, 15, 23, 8
INVAR-38, Run: 036, F, 26, 0, 17, 24, 7
INVAR-38, Run: 037, F, 27, 0, 15, 23, 8
INVAR-38, Run: 038, F, 25, 0, 19, 25, 6
INVAR-38, Run: 039, F, 25, 0, 19, 25, 6
INVAR-38, Run: 040, F, 26, 0, 17, 24, 7
INVAR-38, Run: 041, F, 26, 0, 17, 24, 7
INVAR-38, Run: 042, F, 24, 0, 21, 26, 5
INVAR-38, Run: 043, F, 27, 0, 15, 23, 8
INVAR-38, Run: 044, F, 27, 0, 15, 23, 8
INVAR-38, Run: 045, F, 27, 0, 15, 23, 8
INVAR-38, Run: 046, F, 26, 0, 17, 24, 7
INVAR-38, Run: 047, F, 25, 0, 19, 25, 6
INVAR-38, Run: 048, F, 25, 0, 19, 25, 6
INVAR-38, Run: 049, F, 27, 0, 15, 23, 8
INVAR-38, Run: 050, F, 23, 0, 23, 27, 4
INVAR-38, Run: 051, F, 29, 0, 11, 21, 10
INVAR-38, Run: 052, F, 26, 0, 17, 24, 7
INVAR-38, Run: 053, F, 25, 0, 19, 25, 6
INVAR-38, Run: 054, F, 25, 0, 19, 25, 6
INVAR-38, Run: 055, F, 25, 0, 19, 25, 6
INVAR-38, Run: 056, F, 28, 0, 13, 22, 9
INVAR-38, Run: 057, F, 26, 0, 17, 24, 7
INVAR-38, Run: 058, F, 26, 0, 17, 24, 7
INVAR-38, Run: 059, F, 26, 0, 17, 24, 7
INVAR-38, Run: 060, F, 25, 0, 19, 25, 6
INVAR-38, Run: 061, F, 24, 0, 21, 26, 5
INVAR-38, Run: 062, F, 25, 0, 19, 25, 6
INVAR-38, Run: 063, F, 28, 0, 13, 22, 9
INVAR-38, Run: 064, F, 28, 0, 13, 22, 9
INVAR-38, Run: 065, F, 26, 0, 17, 24, 7
INVAR-38, Run: 066, F, 25, 0, 19, 25, 6
INVAR-38, Run: 067, F, 25, 0, 19, 25, 6
INVAR-38, Run: 068, F, 24, 0, 21, 26, 5
INVAR-38, Run: 069, F, 25, 0, 19, 25, 6
INVAR-38, Run: 070, F, 29, 0, 11, 21, 10
INVAR-38, Run: 071, F, 25, 0, 19, 25, 6
INVAR-38, Run: 072, F, 25, 0, 19, 25, 6
INVAR-38, Run: 073, F, 26, 0, 17, 24, 7
INVAR-38, Run: 074, F, 25, 0, 19, 25, 6
INVAR-38, Run: 075, F, 27, 0, 15, 23, 8
INVAR-38, Run: 076, F, 28, 0, 13, 22, 9
INVAR-38, Run: 077, F, 27, 0, 15, 23, 8
INVAR-38, Run: 078, F, 26, 0, 17, 24, 7
INVAR-38, Run: 079, F, 27, 0, 15, 23, 8
INVAR-38, Run: 080, F, 25, 0, 19, 25, 6
INVAR-38, Run: 081, F, 27, 0, 15, 23, 8
INVAR-38, Run: 082, F, 24, 0, 21, 26, 5
INVAR-38, Run: 083, F, 25, 0, 19, 25, 6
INVAR-38, Run: 084, F, 25, 0, 19, 25, 6
INVAR-38, Run: 085, F, 27, 0, 15, 23, 8
INVAR-38, Run: 086, F, 28, 0, 13, 22, 9
INVAR-38, Run: 087, F, 29, 0, 11, 21, 10
INVAR-38, Run: 088, F, 25, 0, 19, 25, 6
INVAR-38, Run: 089, F, 27, 0, 15, 23, 8
INVAR-38, Run: 090, F, 27, 0, 15, 23, 8
INVAR-38, Run: 091, F, 26, 0, 17, 24, 7
INVAR-38, Run: 092, F, 24, 0, 21, 26, 5
INVAR-38, Run: 093, F, 27, 0, 15, 23, 8
INVAR-38, Run: 094, F, 27, 0, 15, 23, 8
INVAR-38, Run: 095, F, 27, 0, 15, 23, 8
INVAR-38, Run: 096, F, 26, 0, 17, 24, 7
INVAR-38, Run: 097, F, 26, 0, 17, 24, 7
INVAR-38, Run: 098, F, 27, 0, 15, 23, 8
INVAR-38, Run: 099, F, 24, 0, 21, 26, 5
INVAR-38, Run: 100, F, 27, 0, 15, 23, 8
INVAR-39, Run: 001, F, 49, 0, 37, 51, 14
INVAR-39, Run: 002, F, 51, 0, 33, 49, 16
INVAR-39, Run: 003, F, 45, 0, 45, 55, 10
INVAR-39, Run: 004, F, 49, 0, 37, 51, 14
INVAR-39, Run: 005, F, 49, 0, 37, 51, 14
INVAR-39, Run: 006, F, 49, 0, 37, 51, 14
INVAR-39, Run: 007, F, 50, 0, 35, 50, 15
INVAR-39, Run: 008, F, 48, 0, 39, 52, 13
INVAR-39, Run: 009, F, 47, 0, 41, 53, 12
INVAR-39, Run: 010, F, 49, 0, 37, 51, 14
INVAR-39, Run: 011, F, 51, 0, 33, 49, 16
INVAR-39, Run: 012, F, 50, 0, 35, 50, 15
INVAR-39, Run: 013, F, 54, 0, 27, 46, 19
INVAR-39, Run: 014, F, 50, 0, 35, 50, 15
INVAR-39, Run: 015, F, 49, 0, 37, 51, 14
INVAR-39, Run: 016, F, 50, 0, 35, 50, 15
INVAR-39, Run: 017, F, 53, 0, 29, 47, 18
INVAR-39, Run: 018, F, 54, 0, 27, 46, 19
INVAR-39, Run: 019, F, 51, 0, 33, 49, 16
INVAR-39, Run: 020, F, 47, 0, 41, 53, 12
INVAR-39, Run: 021, F, 51, 0, 33, 49, 16
INVAR-39, Run: 022, F, 52, 0, 31, 48, 17
INVAR-39, Run: 023, F, 53, 0, 29, 47, 18
INVAR-39, Run: 024, F, 53, 0, 29, 47, 18
INVAR-39, Run: 025, F, 50, 0, 35, 50, 15
INVAR-39, Run: 026, F, 49, 0, 37, 51, 14
INVAR-39, Run: 027, F, 50, 0, 35, 50, 15
INVAR-39, Run: 028, F, 47, 0, 41, 53, 12
INVAR-39, Run: 029, F, 49, 0, 37, 51, 14
INVAR-39, Run: 030, F, 52, 0, 31, 48, 17
INVAR-39, Run: 031, F, 52, 0, 31, 48, 17
INVAR-39, Run: 032, F, 50, 0, 35, 50, 15
INVAR-39, Run: 033, F, 48, 0, 39, 52, 13
INVAR-39, Run: 034, F, 50, 0, 35, 50, 15
INVAR-39, Run: 035, F, 52, 0, 31, 48, 17
INVAR-39, Run: 036, F, 53, 0, 29, 47, 18
INVAR-39, Run: 037, F, 50, 0, 35, 50, 15
INVAR-39, Run: 038, F, 50, 0, 35, 50, 15
INVAR-39, Run: 039, F, 45, 0, 45, 55, 10
INVAR-39, Run: 040, F, 50, 0, 35, 50, 15
INVAR-39, Run: 041, F, 47, 0, 41, 53, 12
INVAR-39, Run: 042, F, 46, 0, 43, 54, 11
INVAR-39, Run: 043, F, 51, 0, 33, 49, 16
INVAR-39, Run: 044, F, 51, 0, 33, 49, 16
INVAR-39, Run: 045, F, 46, 0, 43, 54, 11
INVAR-39, Run: 046, F, 50, 0, 35, 50, 15
INVAR-39, Run: 047, F, 50, 0, 35, 50, 15
INVAR-39, Run: 048, F, 51, 0, 33, 49, 16
INVAR-39, Run: 049, F, 45, 0, 45, 55, 10
INVAR-39, Run: 050, F, 50, 0, 35, 50, 15
INVAR-39, Run: 051, F, 51, 0, 33, 49, 16
INVAR-39, Run: 052, F, 46, 0, 43, 54, 11
INVAR-39, Run: 053, F, 52, 0, 31, 48, 17
INVAR-39, Run: 054, F, 51, 0, 33, 49, 16
INVAR-39, Run: 055, F, 51, 0, 33, 49, 16
INVAR-39, Run: 056, F, 48, 0, 39, 52, 13
INVAR-39, Run: 057, F, 49, 0, 37, 51, 14
INVAR-39, Run: 058, F, 50, 0, 35, 50, 15
INVAR-39, Run: 059, F, 49, 0, 37, 51, 14
INVAR-39, Run: 060, F, 52, 0, 31, 48, 17
INVAR-39, Run: 061, F, 49, 0, 37, 51, 14
INVAR-39, Run: 062, F, 49, 0, 37, 51, 14
INVAR-39, Run: 063, F, 52, 0, 31, 48, 17
INVAR-39, Run: 064, F, 49, 0, 37, 51, 14
INVAR-39, Run: 065, F, 54, 0, 27, 46, 19
INVAR-39, Run: 066, F, 49, 0, 37, 51, 14
INVAR-39, Run: 067, F, 52, 0, 31, 48, 17
INVAR-39, Run: 068, F, 52, 0, 31, 48, 17
INVAR-39, Run: 069, F, 55, 0, 25, 45, 20
INVAR-39, Run: 070, F, 52, 0, 31, 48, 17
INVAR-39, Run: 071, F, 53, 0, 29, 47, 18
INVAR-39, Run: 072, F, 51, 0, 33, 49, 16
INVAR-39, Run: 073, F, 54, 0, 27, 46, 19
INVAR-39, Run: 074, F, 47, 0, 41, 53, 12
INVAR-39, Run: 075, F, 52, 0, 31, 48, 17
INVAR-39, Run: 076, F, 51, 0, 33, 49, 16
INVAR-39, Run: 077, F, 50, 0, 35, 50, 15
INVAR-39, Run: 078, F, 52, 0, 31, 48, 17
INVAR-39, Run: 079, F, 54, 0, 27, 46, 19
INVAR-39, Run: 080, F, 55, 0, 25, 45, 20
INVAR-39, Run: 081, F, 49, 0, 37, 51, 14
INVAR-39, Run: 082, F, 48, 0, 39, 52, 13
INVAR-39, Run: 083, F, 52, 0, 31, 48, 17
INVAR-39, Run: 084, F, 51, 0, 33, 49, 16
INVAR-39, Run: 085, F, 48, 0, 39, 52, 13
INVAR-39, Run: 086, F, 49, 0, 37, 51, 14
INVAR-39, Run: 087, F, 52, 0, 31, 48, 17
INVAR-39, Run: 088, F, 50, 0, 35, 50, 15
INVAR-39, Run: 089, F, 52, 0, 31, 48, 17
INVAR-39, Run: 090, F, 54, 0, 27, 46, 19
INVAR-39, Run: 091, F, 47, 0, 41, 53, 12
INVAR-39, Run: 092, F, 46, 0, 43, 54, 11
INVAR-39, Run: 093, F, 49, 0, 37, 51, 14
INVAR-39, Run: 094, F, 48, 0, 39, 52, 13
INVAR-39, Run: 095, F, 49, 0, 37, 51, 14
INVAR-39, Run: 096, F, 51, 0, 33, 49, 16
INVAR-39, Run: 097, F, 49, 0, 37, 51, 14
INVAR-39, Run: 098, F, 48, 0, 39, 52, 13
INVAR-39, Run: 099, F, 52, 0, 31, 48, 17
INVAR-39, Run: 100, F, 48, 0, 39, 52, 13
INVAR-4, Run: 001, F, 39, 0, 10, 10, 0
INVAR-4, Run: 002, F, 39, 0, 10, 10, 0
INVAR-4, Run: 003, F, 39, 0, 10, 10, 0
INVAR-4, Run: 004, F, 41, 0, 6, 8, 2
INVAR-4, Run: 005, F, 40, 0, 8, 9, 1
INVAR-4, Run: 006, F, 39, 0, 10, 10, 0
INVAR-4, Run: 007, F, 39, 0, 10, 10, 0
INVAR-4, Run: 008, F, 40, 0, 8, 9, 1
INVAR-4, Run: 009, F, 40, 0, 8, 9, 1
INVAR-4, Run: 010, F, 42, 0, 4, 7, 3
INVAR-4, Run: 011, F, 39, 0, 10, 10, 0
INVAR-4, Run: 012, F, 39, 0, 10, 10, 0
INVAR-4, Run: 013, F, 39, 0, 10, 10, 0
INVAR-4, Run: 014, F, 41, 0, 6, 8, 2
INVAR-4, Run: 015, F, 40, 0, 8, 9, 1
INVAR-4, Run: 016, F, 39, 0, 10, 10, 0
INVAR-4, Run: 017, F, 39, 0, 10, 10, 0
INVAR-4, Run: 018, F, 41, 0, 6, 8, 2
INVAR-4, Run: 019, F, 40, 0, 8, 9, 1
INVAR-4, Run: 020, F, 40, 0, 8, 9, 1
INVAR-4, Run: 021, F, 39, 0, 10, 10, 0
INVAR-4, Run: 022, F, 39, 0, 10, 10, 0
INVAR-4, Run: 023, F, 39, 0, 10, 10, 0
INVAR-4, Run: 024, F, 39, 0, 10, 10, 0
INVAR-4, Run: 025, F, 39, 0, 10, 10, 0
INVAR-4, Run: 026, F, 41, 0, 6, 8, 2
INVAR-4, Run: 027, F, 42, 0, 4, 7, 3
INVAR-4, Run: 028, F, 40, 0, 8, 9, 1
INVAR-4, Run: 029, F, 42, 0, 4, 7, 3
INVAR-4, Run: 030, F, 39, 0, 10, 10, 0
INVAR-4, Run: 031, F, 40, 0, 8, 9, 1
INVAR-4, Run: 032, F, 41, 0, 6, 8, 2
INVAR-4, Run: 033, F, 39, 0, 10, 10, 0
INVAR-4, Run: 034, F, 39, 0, 10, 10, 0
INVAR-4, Run: 035, F, 40, 0, 8, 9, 1
INVAR-4, Run: 036, F, 39, 0, 10, 10, 0
INVAR-4, Run: 037, F, 39, 0, 10, 10, 0
INVAR-4, Run: 038, F, 39, 0, 10, 10, 0
INVAR-4, Run: 039, F, 40, 0, 8, 9, 1
INVAR-4, Run: 040, F, 39, 0, 10, 10, 0
INVAR-4, Run: 041, F, 40, 0, 8, 9, 1
INVAR-4, Run: 042, F, 41, 0, 6, 8, 2
INVAR-4, Run: 043, F, 40, 0, 8, 9, 1
INVAR-4, Run: 044, F, 40, 0, 8, 9, 1
INVAR-4, Run: 045, F, 41, 0, 6, 8, 2
INVAR-4, Run: 046, F, 40, 0, 8, 9, 1
INVAR-4, Run: 047, F, 39, 0, 10, 10, 0
INVAR-4, Run: 048, F, 40, 0, 8, 9, 1
INVAR-4, Run: 049, F, 41, 0, 6, 8, 2
INVAR-4, Run: 050, F, 39, 0, 10, 10, 0
INVAR-4, Run: 051, F, 41, 0, 6, 8, 2
INVAR-4, Run: 052, F, 40, 0, 8, 9, 1
INVAR-4, Run: 053, F, 39, 0, 10, 10, 0
INVAR-4, Run: 054, F, 41, 0, 6, 8, 2
INVAR-4, Run: 055, F, 40, 0, 8, 9, 1
INVAR-4, Run: 056, F, 40, 0, 8, 9, 1
INVAR-4, Run: 057, F, 41, 0, 6, 8, 2
INVAR-4, Run: 058, F, 40, 0, 8, 9, 1
INVAR-4, Run: 059, F, 40, 0, 8, 9, 1
INVAR-4, Run: 060, F, 39, 0, 10, 10, 0
INVAR-4, Run: 061, F, 40, 0, 8, 9, 1
INVAR-4, Run: 062, F, 40, 0, 8, 9, 1
INVAR-4, Run: 063, F, 39, 0, 10, 10, 0
INVAR-4, Run: 064, F, 39, 0, 10, 10, 0
INVAR-4, Run: 065, F, 40, 0, 8, 9, 1
INVAR-4, Run: 066, F, 41, 0, 6, 8, 2
INVAR-4, Run: 067, F, 41, 0, 6, 8, 2
INVAR-4, Run: 068, F, 39, 0, 10, 10, 0
INVAR-4, Run: 069, F, 41, 0, 6, 8, 2
INVAR-4, Run: 070, F, 39, 0, 10, 10, 0
INVAR-4, Run: 071, F, 41, 0, 6, 8, 2
INVAR-4, Run: 072, F, 39, 0, 10, 10, 0
INVAR-4, Run: 073, F, 41, 0, 6, 8, 2
INVAR-4, Run: 074, F, 41, 0, 6, 8, 2
INVAR-4, Run: 075, F, 40, 0, 8, 9, 1
INVAR-4, Run: 076, F, 40, 0, 8, 9, 1
INVAR-4, Run: 077, F, 39, 0, 10, 10, 0
INVAR-4, Run: 078, F, 40, 0, 8, 9, 1
INVAR-4, Run: 079, F, 40, 0, 8, 9, 1
INVAR-4, Run: 080, F, 39, 0, 10, 10, 0
INVAR-4, Run: 081, F, 39, 0, 10, 10, 0
INVAR-4, Run: 082, F, 40, 0, 8, 9, 1
INVAR-4, Run: 083, F, 39, 0, 10, 10, 0
INVAR-4, Run: 084, F, 39, 0, 10, 10, 0
INVAR-4, Run: 085, F, 40, 0, 8, 9, 1
INVAR-4, Run: 086, F, 39, 0, 10, 10, 0
INVAR-4, Run: 087, F, 41, 0, 6, 8, 2
INVAR-4, Run: 088, F, 39, 0, 10, 10, 0
INVAR-4, Run: 089, F, 40, 0, 8, 9, 1
INVAR-4, Run: 090, F, 39, 0, 10, 10, 0
INVAR-4, Run: 091, F, 39, 0, 10, 10, 0
INVAR-4, Run: 092, F, 40, 0, 8, 9, 1
INVAR-4, Run: 093, F, 39, 0, 10, 10, 0
INVAR-4, Run: 094, F, 39, 0, 10, 10, 0
INVAR-4, Run: 095, F, 40, 0, 8, 9, 1
INVAR-4, Run: 096, F, 41, 0, 6, 8, 2
INVAR-4, Run: 097, F, 41, 0, 6, 8, 2
INVAR-4, Run: 098, F, 39, 0, 10, 10, 0
INVAR-4, Run: 099, F, 40, 0, 8, 9, 1
INVAR-4, Run: 100, F, 41, 0, 6, 8, 2
INVAR-40, Run: 001, F, 100, 0, 71, 100, 29
INVAR-40, Run: 002, F, 99, 0, 73, 101, 28
INVAR-40, Run: 003, F, 107, 0, 57, 93, 36
INVAR-40, Run: 004, F, 96, 0, 79, 104, 25
INVAR-40, Run: 005, F, 100, 0, 71, 100, 29
INVAR-40, Run: 006, F, 104, 0, 63, 96, 33
INVAR-40, Run: 007, F, 102, 0, 67, 98, 31
INVAR-40, Run: 008, F, 101, 0, 69, 99, 30
INVAR-40, Run: 009, F, 98, 0, 75, 102, 27
INVAR-40, Run: 010, F, 102, 0, 67, 98, 31
INVAR-40, Run: 011, F, 99, 0, 73, 101, 28
INVAR-40, Run: 012, F, 102, 0, 67, 98, 31
INVAR-40, Run: 013, F, 103, 0, 65, 97, 32
INVAR-40, Run: 014, F, 102, 0, 67, 98, 31
INVAR-40, Run: 015, F, 100, 0, 71, 100, 29
INVAR-40, Run: 016, F, 103, 0, 65, 97, 32
INVAR-40, Run: 017, F, 104, 0, 63, 96, 33
INVAR-40, Run: 018, F, 96, 0, 79, 104, 25
INVAR-40, Run: 019, F, 100, 0, 71, 100, 29
INVAR-40, Run: 020, F, 103, 0, 65, 97, 32
INVAR-40, Run: 021, F, 102, 0, 67, 98, 31
INVAR-40, Run: 022, F, 101, 0, 69, 99, 30
INVAR-40, Run: 023, F, 104, 0, 63, 96, 33
INVAR-40, Run: 024, F, 103, 0, 65, 97, 32
INVAR-40, Run: 025, F, 103, 0, 65, 97, 32
INVAR-40, Run: 026, F, 104, 0, 63, 96, 33
INVAR-40, Run: 027, F, 97, 0, 77, 103, 26
INVAR-40, Run: 028, F, 103, 0, 65, 97, 32
INVAR-40, Run: 029, F, 103, 0, 65, 97, 32
INVAR-40, Run: 030, F, 100, 0, 71, 100, 29
INVAR-40, Run: 031, F, 101, 0, 69, 99, 30
INVAR-40, Run: 032, F, 102, 0, 67, 98, 31
INVAR-40, Run: 033, F, 98, 0, 75, 102, 27
INVAR-40, Run: 034, F, 109, 0, 53, 91, 38
INVAR-40, Run: 035, F, 104, 0, 63, 96, 33
INVAR-40, Run: 036, F, 97, 0, 77, 103, 26
INVAR-40, Run: 037, F, 101, 0, 69, 99, 30
INVAR-40, Run: 038, F, 101, 0, 69, 99, 30
INVAR-40, Run: 039, F, 104, 0, 63, 96, 33
INVAR-40, Run: 040, F, 99, 0, 73, 101, 28
INVAR-40, Run: 041, F, 103, 0, 65, 97, 32
INVAR-40, Run: 042, F, 102, 0, 67, 98, 31
INVAR-40, Run: 043, F, 97, 0, 77, 103, 26
INVAR-40, Run: 044, F, 100, 0, 71, 100, 29
INVAR-40, Run: 045, F, 99, 0, 73, 101, 28
INVAR-40, Run: 046, F, 96, 0, 79, 104, 25
INVAR-40, Run: 047, F, 100, 0, 71, 100, 29
INVAR-40, Run: 048, F, 107, 0, 57, 93, 36
INVAR-40, Run: 049, F, 96, 0, 79, 104, 25
INVAR-40, Run: 050, F, 104, 0, 63, 96, 33
INVAR-40, Run: 051, F, 102, 0, 67, 98, 31
INVAR-40, Run: 052, F, 105, 0, 61, 95, 34
INVAR-40, Run: 053, F, 102, 0, 67, 98, 31
INVAR-40, Run: 054, F, 103, 0, 65, 97, 32
INVAR-40, Run: 055, F, 100, 0, 71, 100, 29
INVAR-40, Run: 056, F, 101, 0, 69, 99, 30
INVAR-40, Run: 057, F, 104, 0, 63, 96, 33
INVAR-40, Run: 058, F, 102, 0, 67, 98, 31
INVAR-40, Run: 059, F, 100, 0, 71, 100, 29
INVAR-40, Run: 060, F, 100, 0, 71, 100, 29
INVAR-40, Run: 061, F, 103, 0, 65, 97, 32
INVAR-40, Run: 062, F, 102, 0, 67, 98, 31
INVAR-40, Run: 063, F, 101, 0, 69, 99, 30
INVAR-40, Run: 064, F, 99, 0, 73, 101, 28
INVAR-40, Run: 065, F, 101, 0, 69, 99, 30
INVAR-40, Run: 066, F, 105, 0, 61, 95, 34
INVAR-40, Run: 067, F, 102, 0, 67, 98, 31
INVAR-40, Run: 068, F, 99, 0, 73, 101, 28
INVAR-40, Run: 069, F, 97, 0, 77, 103, 26
INVAR-40, Run: 070, F, 95, 0, 81, 105, 24
INVAR-40, Run: 071, F, 104, 0, 63, 96, 33
INVAR-40, Run: 072, F, 97, 0, 77, 103, 26
INVAR-40, Run: 073, F, 99, 0, 73, 101, 28
INVAR-40, Run: 074, F, 104, 0, 63, 96, 33
INVAR-40, Run: 075, F, 96, 0, 79, 104, 25
INVAR-40, Run: 076, F, 100, 0, 71, 100, 29
INVAR-40, Run: 077, F, 103, 0, 65, 97, 32
INVAR-40, Run: 078, F, 105, 0, 61, 95, 34
INVAR-40, Run: 079, F, 101, 0, 69, 99, 30
INVAR-40, Run: 080, F, 101, 0, 69, 99, 30
INVAR-40, Run: 081, F, 105, 0, 61, 95, 34
INVAR-40, Run: 082, F, 99, 0, 73, 101, 28
INVAR-40, Run: 083, F, 102, 0, 67, 98, 31
INVAR-40, Run: 084, F, 105, 0, 61, 95, 34
INVAR-40, Run: 085, F, 100, 0, 71, 100, 29
INVAR-40, Run: 086, F, 103, 0, 65, 97, 32
INVAR-40, Run: 087, F, 105, 0, 61, 95, 34
INVAR-40, Run: 088, F, 104, 0, 63, 96, 33
INVAR-40, Run: 089, F, 101, 0, 69, 99, 30
INVAR-40, Run: 090, F, 102, 0, 67, 98, 31
INVAR-40, Run: 091, F, 96, 0, 79, 104, 25
INVAR-40, Run: 092, F, 99, 0, 73, 101, 28
INVAR-40, Run: 093, F, 102, 0, 67, 98, 31
INVAR-40, Run: 094, F, 103, 0, 65, 97, 32
INVAR-40, Run: 095, F, 104, 0, 63, 96, 33
INVAR-40, Run: 096, F, 108, 0, 55, 92, 37
INVAR-40, Run: 097, F, 102, 0, 67, 98, 31
INVAR-40, Run: 098, F, 94, 0, 83, 106, 23
INVAR-40, Run: 099, F, 102, 0, 67, 98, 31
INVAR-40, Run: 100, F, 103, 0, 65, 97, 32
INVAR-41, Run: 001, P, 50, 0, 0, 0, 0
INVAR-41, Run: 002, P, 50, 0, 0, 0, 0
INVAR-41, Run: 003, P, 50, 0, 0, 0, 0
INVAR-41, Run: 004, P, 50, 0, 0, 0, 0
INVAR-41, Run: 005, P, 50, 0, 0, 0, 0
INVAR-41, Run: 006, P, 50, 0, 0, 0, 0
INVAR-41, Run: 007, P, 50, 0, 0, 0, 0
INVAR-41, Run: 008, P, 50, 0, 0, 0, 0
INVAR-41, Run: 009, P, 50, 0, 0, 0, 0
INVAR-41, Run: 010, P, 50, 0, 0, 0, 0
INVAR-41, Run: 011, P, 50, 0, 0, 0, 0
INVAR-41, Run: 012, P, 50, 0, 0, 0, 0
INVAR-41, Run: 013, P, 50, 0, 0, 0, 0
INVAR-41, Run: 014, P, 50, 0, 0, 0, 0
INVAR-41, Run: 015, P, 50, 0, 0, 0, 0
INVAR-41, Run: 016, P, 50, 0, 0, 0, 0
INVAR-41, Run: 017, P, 50, 0, 0, 0, 0
INVAR-41, Run: 018, P, 50, 0, 0, 0, 0
INVAR-41, Run: 019, P, 50, 0, 0, 0, 0
INVAR-41, Run: 020, P, 50, 0, 0, 0, 0
INVAR-41, Run: 021, P, 50, 0, 0, 0, 0
INVAR-41, Run: 022, P, 50, 0, 0, 0, 0
INVAR-41, Run: 023, P, 50, 0, 0, 0, 0
INVAR-41, Run: 024, P, 50, 0, 0, 0, 0
INVAR-41, Run: 025, P, 50, 0, 0, 0, 0
INVAR-41, Run: 026, P, 50, 0, 0, 0, 0
INVAR-41, Run: 027, P, 50, 0, 0, 0, 0
INVAR-41, Run: 028, P, 50, 0, 0, 0, 0
INVAR-41, Run: 029, P, 50, 0, 0, 0, 0
INVAR-41, Run: 030, P, 50, 0, 0, 0, 0
INVAR-41, Run: 031, P, 50, 0, 0, 0, 0
INVAR-41, Run: 032, P, 50, 0, 0, 0, 0
INVAR-41, Run: 033, P, 50, 0, 0, 0, 0
INVAR-41, Run: 034, P, 50, 0, 0, 0, 0
INVAR-41, Run: 035, P, 50, 0, 0, 0, 0
INVAR-41, Run: 036, P, 50, 0, 0, 0, 0
INVAR-41, Run: 037, P, 50, 0, 0, 0, 0
INVAR-41, Run: 038, P, 50, 0, 0, 0, 0
INVAR-41, Run: 039, P, 50, 0, 0, 0, 0
INVAR-41, Run: 040, P, 50, 0, 0, 0, 0
INVAR-41, Run: 041, P, 50, 0, 0, 0, 0
INVAR-41, Run: 042, P, 50, 0, 0, 0, 0
INVAR-41, Run: 043, P, 50, 0, 0, 0, 0
INVAR-41, Run: 044, P, 50, 0, 0, 0, 0
INVAR-41, Run: 045, P, 50, 0, 0, 0, 0
INVAR-41, Run: 046, P, 50, 0, 0, 0, 0
INVAR-41, Run: 047, P, 50, 0, 0, 0, 0
INVAR-41, Run: 048, P, 50, 0, 0, 0, 0
INVAR-41, Run: 049, P, 50, 0, 0, 0, 0
INVAR-41, Run: 050, P, 50, 0, 0, 0, 0
INVAR-41, Run: 051, P, 50, 0, 0, 0, 0
INVAR-41, Run: 052, P, 50, 0, 0, 0, 0
INVAR-41, Run: 053, P, 50, 0, 0, 0, 0
INVAR-41, Run: 054, P, 50, 0, 0, 0, 0
INVAR-41, Run: 055, P, 50, 0, 0, 0, 0
INVAR-41, Run: 056, P, 50, 0, 0, 0, 0
INVAR-41, Run: 057, P, 50, 0, 0, 0, 0
INVAR-41, Run: 058, P, 50, 0, 0, 0, 0
INVAR-41, Run: 059, P, 50, 0, 0, 0, 0
INVAR-41, Run: 060, P, 50, 0, 0, 0, 0
INVAR-41, Run: 061, P, 50, 0, 0, 0, 0
INVAR-41, Run: 062, P, 50, 0, 0, 0, 0
INVAR-41, Run: 063, P, 50, 0, 0, 0, 0
INVAR-41, Run: 064, P, 50, 0, 0, 0, 0
INVAR-41, Run: 065, P, 50, 0, 0, 0, 0
INVAR-41, Run: 066, P, 50, 0, 0, 0, 0
INVAR-41, Run: 067, P, 50, 0, 0, 0, 0
INVAR-41, Run: 068, P, 50, 0, 0, 0, 0
INVAR-41, Run: 069, P, 50, 0, 0, 0, 0
INVAR-41, Run: 070, P, 50, 0, 0, 0, 0
INVAR-41, Run: 071, P, 50, 0, 0, 0, 0
INVAR-41, Run: 072, P, 50, 0, 0, 0, 0
INVAR-41, Run: 073, P, 50, 0, 0, 0, 0
INVAR-41, Run: 074, P, 50, 0, 0, 0, 0
INVAR-41, Run: 075, P, 50, 0, 0, 0, 0
INVAR-41, Run: 076, P, 50, 0, 0, 0, 0
INVAR-41, Run: 077, P, 50, 0, 0, 0, 0
INVAR-41, Run: 078, P, 50, 0, 0, 0, 0
INVAR-41, Run: 079, P, 50, 0, 0, 0, 0
INVAR-41, Run: 080, P, 50, 0, 0, 0, 0
INVAR-41, Run: 081, P, 50, 0, 0, 0, 0
INVAR-41, Run: 082, P, 50, 0, 0, 0, 0
INVAR-41, Run: 083, P, 50, 0, 0, 0, 0
INVAR-41, Run: 084, P, 50, 0, 0, 0, 0
INVAR-41, Run: 085, P, 50, 0, 0, 0, 0
INVAR-41, Run: 086, P, 50, 0, 0, 0, 0
INVAR-41, Run: 087, P, 50, 0, 0, 0, 0
INVAR-41, Run: 088, P, 50, 0, 0, 0, 0
INVAR-41, Run: 089, P, 50, 0, 0, 0, 0
INVAR-41, Run: 090, P, 50, 0, 0, 0, 0
INVAR-41, Run: 091, P, 50, 0, 0, 0, 0
INVAR-41, Run: 092, P, 50, 0, 0, 0, 0
INVAR-41, Run: 093, P, 50, 0, 0, 0, 0
INVAR-41, Run: 094, P, 50, 0, 0, 0, 0
INVAR-41, Run: 095, P, 50, 0, 0, 0, 0
INVAR-41, Run: 096, P, 50, 0, 0, 0, 0
INVAR-41, Run: 097, P, 50, 0, 0, 0, 0
INVAR-41, Run: 098, P, 50, 0, 0, 0, 0
INVAR-41, Run: 099, P, 50, 0, 0, 0, 0
INVAR-41, Run: 100, P, 50, 0, 0, 0, 0
INVAR-42, Run: 001, P, 100, 0, 0, 0, 0
INVAR-42, Run: 002, P, 100, 0, 0, 0, 0
INVAR-42, Run: 003, P, 100, 0, 0, 0, 0
INVAR-42, Run: 004, P, 100, 0, 0, 0, 0
INVAR-42, Run: 005, P, 100, 0, 0, 0, 0
INVAR-42, Run: 006, P, 100, 0, 0, 0, 0
INVAR-42, Run: 007, P, 100, 0, 0, 0, 0
INVAR-42, Run: 008, P, 100, 0, 0, 0, 0
INVAR-42, Run: 009, P, 100, 0, 0, 0, 0
INVAR-42, Run: 010, P, 100, 0, 0, 0, 0
INVAR-42, Run: 011, P, 100, 0, 0, 0, 0
INVAR-42, Run: 012, P, 100, 0, 0, 0, 0
INVAR-42, Run: 013, P, 100, 0, 0, 0, 0
INVAR-42, Run: 014, P, 100, 0, 0, 0, 0
INVAR-42, Run: 015, P, 100, 0, 0, 0, 0
INVAR-42, Run: 016, P, 100, 0, 0, 0, 0
INVAR-42, Run: 017, P, 100, 0, 0, 0, 0
INVAR-42, Run: 018, P, 100, 0, 0, 0, 0
INVAR-42, Run: 019, P, 100, 0, 0, 0, 0
INVAR-42, Run: 020, P, 100, 0, 0, 0, 0
INVAR-42, Run: 021, P, 100, 0, 0, 0, 0
INVAR-42, Run: 022, P, 100, 0, 0, 0, 0
INVAR-42, Run: 023, P, 100, 0, 0, 0, 0
INVAR-42, Run: 024, P, 100, 0, 0, 0, 0
INVAR-42, Run: 025, P, 100, 0, 0, 0, 0
INVAR-42, Run: 026, P, 100, 0, 0, 0, 0
INVAR-42, Run: 027, P, 100, 0, 0, 0, 0
INVAR-42, Run: 028, P, 100, 0, 0, 0, 0
INVAR-42, Run: 029, P, 100, 0, 0, 0, 0
INVAR-42, Run: 030, P, 100, 0, 0, 0, 0
INVAR-42, Run: 031, P, 100, 0, 0, 0, 0
INVAR-42, Run: 032, P, 100, 0, 0, 0, 0
INVAR-42, Run: 033, P, 100, 0, 0, 0, 0
INVAR-42, Run: 034, P, 100, 0, 0, 0, 0
INVAR-42, Run: 035, P, 100, 0, 0, 0, 0
INVAR-42, Run: 036, P, 100, 0, 0, 0, 0
INVAR-42, Run: 037, P, 100, 0, 0, 0, 0
INVAR-42, Run: 038, P, 100, 0, 0, 0, 0
INVAR-42, Run: 039, P, 100, 0, 0, 0, 0
INVAR-42, Run: 040, P, 100, 0, 0, 0, 0
INVAR-42, Run: 041, P, 100, 0, 0, 0, 0
INVAR-42, Run: 042, P, 100, 0, 0, 0, 0
INVAR-42, Run: 043, P, 100, 0, 0, 0, 0
INVAR-42, Run: 044, P, 100, 0, 0, 0, 0
INVAR-42, Run: 045, P, 100, 0, 0, 0, 0
INVAR-42, Run: 046, P, 100, 0, 0, 0, 0
INVAR-42, Run: 047, P, 100, 0, 0, 0, 0
INVAR-42, Run: 048, P, 100, 0, 0, 0, 0
INVAR-42, Run: 049, P, 100, 0, 0, 0, 0
INVAR-42, Run: 050, P, 100, 0, 0, 0, 0
INVAR-42, Run: 051, P, 100, 0, 0, 0, 0
INVAR-42, Run: 052, P, 100, 0, 0, 0, 0
INVAR-42, Run: 053, P, 100, 0, 0, 0, 0
INVAR-42, Run: 054, P, 100, 0, 0, 0, 0
INVAR-42, Run: 055, P, 100, 0, 0, 0, 0
INVAR-42, Run: 056, P, 100, 0, 0, 0, 0
INVAR-42, Run: 057, P, 100, 0, 0, 0, 0
INVAR-42, Run: 058, P, 100, 0, 0, 0, 0
INVAR-42, Run: 059, P, 100, 0, 0, 0, 0
INVAR-42, Run: 060, P, 100, 0, 0, 0, 0
INVAR-42, Run: 061, P, 100, 0, 0, 0, 0
INVAR-42, Run: 062, P, 100, 0, 0, 0, 0
INVAR-42, Run: 063, P, 100, 0, 0, 0, 0
INVAR-42, Run: 064, P, 100, 0, 0, 0, 0
INVAR-42, Run: 065, P, 100, 0, 0, 0, 0
INVAR-42, Run: 066, P, 100, 0, 0, 0, 0
INVAR-42, Run: 067, P, 100, 0, 0, 0, 0
INVAR-42, Run: 068, P, 100, 0, 0, 0, 0
INVAR-42, Run: 069, P, 100, 0, 0, 0, 0
INVAR-42, Run: 070, P, 100, 0, 0, 0, 0
INVAR-42, Run: 071, P, 100, 0, 0, 0, 0
INVAR-42, Run: 072, P, 100, 0, 0, 0, 0
INVAR-42, Run: 073, P, 100, 0, 0, 0, 0
INVAR-42, Run: 074, P, 100, 0, 0, 0, 0
INVAR-42, Run: 075, P, 100, 0, 0, 0, 0
INVAR-42, Run: 076, P, 100, 0, 0, 0, 0
INVAR-42, Run: 077, P, 100, 0, 0, 0, 0
INVAR-42, Run: 078, P, 100, 0, 0, 0, 0
INVAR-42, Run: 079, P, 100, 0, 0, 0, 0
INVAR-42, Run: 080, P, 100, 0, 0, 0, 0
INVAR-42, Run: 081, P, 100, 0, 0, 0, 0
INVAR-42, Run: 082, P, 100, 0, 0, 0, 0
INVAR-42, Run: 083, P, 100, 0, 0, 0, 0
INVAR-42, Run: 084, P, 100, 0, 0, 0, 0
INVAR-42, Run: 085, P, 100, 0, 0, 0, 0
INVAR-42, Run: 086, P, 100, 0, 0, 0, 0
INVAR-42, Run: 087, P, 100, 0, 0, 0, 0
INVAR-42, Run: 088, P, 100, 0, 0, 0, 0
INVAR-42, Run: 089, P, 100, 0, 0, 0, 0
INVAR-42, Run: 090, P, 100, 0, 0, 0, 0
INVAR-42, Run: 091, P, 100, 0, 0, 0, 0
INVAR-42, Run: 092, P, 100, 0, 0, 0, 0
INVAR-42, Run: 093, P, 100, 0, 0, 0, 0
INVAR-42, Run: 094, P, 100, 0, 0, 0, 0
INVAR-42, Run: 095, P, 100, 0, 0, 0, 0
INVAR-42, Run: 096, P, 100, 0, 0, 0, 0
INVAR-42, Run: 097, P, 100, 0, 0, 0, 0
INVAR-42, Run: 098, P, 100, 0, 0, 0, 0
INVAR-42, Run: 099, P, 100, 0, 0, 0, 0
INVAR-42, Run: 100, P, 100, 0, 0, 0, 0
INVAR-43, Run: 001, P, 200, 0, 0, 0, 0
INVAR-43, Run: 002, P, 200, 0, 0, 0, 0
INVAR-43, Run: 003, P, 200, 0, 0, 0, 0
INVAR-43, Run: 004, P, 200, 0, 0, 0, 0
INVAR-43, Run: 005, P, 200, 0, 0, 0, 0
INVAR-43, Run: 006, P, 200, 0, 0, 0, 0
INVAR-43, Run: 007, P, 200, 0, 0, 0, 0
INVAR-43, Run: 008, P, 200, 0, 0, 0, 0
INVAR-43, Run: 009, P, 200, 0, 0, 0, 0
INVAR-43, Run: 010, P, 200, 0, 0, 0, 0
INVAR-43, Run: 011, P, 200, 0, 0, 0, 0
INVAR-43, Run: 012, P, 200, 0, 0, 0, 0
INVAR-43, Run: 013, P, 200, 0, 0, 0, 0
INVAR-43, Run: 014, P, 200, 0, 0, 0, 0
INVAR-43, Run: 015, P, 200, 0, 0, 0, 0
INVAR-43, Run: 016, P, 200, 0, 0, 0, 0
INVAR-43, Run: 017, P, 200, 0, 0, 0, 0
INVAR-43, Run: 018, P, 200, 0, 0, 0, 0
INVAR-43, Run: 019, P, 200, 0, 0, 0, 0
INVAR-43, Run: 020, P, 200, 0, 0, 0, 0
INVAR-43, Run: 021, P, 200, 0, 0, 0, 0
INVAR-43, Run: 022, P, 200, 0, 0, 0, 0
INVAR-43, Run: 023, P, 200, 0, 0, 0, 0
INVAR-43, Run: 024, P, 200, 0, 0, 0, 0
INVAR-43, Run: 025, P, 200, 0, 0, 0, 0
INVAR-43, Run: 026, P, 200, 0, 0, 0, 0
INVAR-43, Run: 027, P, 200, 0, 0, 0, 0
INVAR-43, Run: 028, P, 200, 0, 0, 0, 0
INVAR-43, Run: 029, P, 200, 0, 0, 0, 0
INVAR-43, Run: 030, P, 200, 0, 0, 0, 0
INVAR-43, Run: 031, P, 200, 0, 0, 0, 0
INVAR-43, Run: 032, P, 200, 0, 0, 0, 0
INVAR-43, Run: 033, P, 200, 0, 0, 0, 0
INVAR-43, Run: 034, P, 200, 0, 0, 0, 0
INVAR-43, Run: 035, P, 200, 0, 0, 0, 0
INVAR-43, Run: 036, P, 200, 0, 0, 0, 0
INVAR-43, Run: 037, P, 200, 0, 0, 0, 0
INVAR-43, Run: 038, P, 200, 0, 0, 0, 0
INVAR-43, Run: 039, P, 200, 0, 0, 0, 0
INVAR-43, Run: 040, P, 200, 0, 0, 0, 0
INVAR-43, Run: 041, P, 200, 0, 0, 0, 0
INVAR-43, Run: 042, P, 200, 0, 0, 0, 0
INVAR-43, Run: 043, P, 200, 0, 0, 0, 0
INVAR-43, Run: 044, P, 200, 0, 0, 0, 0
INVAR-43, Run: 045, P, 200, 0, 0, 0, 0
INVAR-43, Run: 046, P, 200, 0, 0, 0, 0
INVAR-43, Run: 047, P, 200, 0, 0, 0, 0
INVAR-43, Run: 048, P, 200, 0, 0, 0, 0
INVAR-43, Run: 049, P, 200, 0, 0, 0, 0
INVAR-43, Run: 050, P, 200, 0, 0, 0, 0
INVAR-43, Run: 051, P, 200, 0, 0, 0, 0
INVAR-43, Run: 052, P, 200, 0, 0, 0, 0
INVAR-43, Run: 053, P, 200, 0, 0, 0, 0
INVAR-43, Run: 054, P, 200, 0, 0, 0, 0
INVAR-43, Run: 055, P, 200, 0, 0, 0, 0
INVAR-43, Run: 056, P, 200, 0, 0, 0, 0
INVAR-43, Run: 057, P, 200, 0, 0, 0, 0
INVAR-43, Run: 058, P, 200, 0, 0, 0, 0
INVAR-43, Run: 059, P, 200, 0, 0, 0, 0
INVAR-43, Run: 060, P, 200, 0, 0, 0, 0
INVAR-43, Run: 061, P, 200, 0, 0, 0, 0
INVAR-43, Run: 062, P, 200, 0, 0, 0, 0
INVAR-43, Run: 063, P, 200, 0, 0, 0, 0
INVAR-43, Run: 064, P, 200, 0, 0, 0, 0
INVAR-43, Run: 065, P, 200, 0, 0, 0, 0
INVAR-43, Run: 066, P, 200, 0, 0, 0, 0
INVAR-43, Run: 067, P, 200, 0, 0, 0, 0
INVAR-43, Run: 068, P, 200, 0, 0, 0, 0
INVAR-43, Run: 069, P, 200, 0, 0, 0, 0
INVAR-43, Run: 070, P, 200, 0, 0, 0, 0
INVAR-43, Run: 071, P, 200, 0, 0, 0, 0
INVAR-43, Run: 072, P, 200, 0, 0, 0, 0
INVAR-43, Run: 073, P, 200, 0, 0, 0, 0
INVAR-43, Run: 074, P, 200, 0, 0, 0, 0
INVAR-43, Run: 075, P, 200, 0, 0, 0, 0
INVAR-43, Run: 076, P, 200, 0, 0, 0, 0
INVAR-43, Run: 077, P, 200, 0, 0, 0, 0
INVAR-43, Run: 078, P, 200, 0, 0, 0, 0
INVAR-43, Run: 079, P, 200, 0, 0, 0, 0
INVAR-43, Run: 080, P, 200, 0, 0, 0, 0
INVAR-43, Run: 081, P, 200, 0, 0, 0, 0
INVAR-43, Run: 082, P, 200, 0, 0, 0, 0
INVAR-43, Run: 083, P, 200, 0, 0, 0, 0
INVAR-43, Run: 084, P, 200, 0, 0, 0, 0
INVAR-43, Run: 085, P, 200, 0, 0, 0, 0
INVAR-43, Run: 086, P, 200, 0, 0, 0, 0
INVAR-43, Run: 087, P, 200, 0, 0, 0, 0
INVAR-43, Run: 088, P, 200, 0, 0, 0, 0
INVAR-43, Run: 089, P, 200, 0, 0, 0, 0
INVAR-43, Run: 090, P, 200, 0, 0, 0, 0
INVAR-43, Run: 091, P, 200, 0, 0, 0, 0
INVAR-43, Run: 092, P, 200, 0, 0, 0, 0
INVAR-43, Run: 093, P, 200, 0, 0, 0, 0
INVAR-43, Run: 094, P, 200, 0, 0, 0, 0
INVAR-43, Run: 095, P, 200, 0, 0, 0, 0
INVAR-43, Run: 096, P, 200, 0, 0, 0, 0
INVAR-43, Run: 097, P, 200, 0, 0, 0, 0
INVAR-43, Run: 098, P, 200, 0, 0, 0, 0
INVAR-43, Run: 099, P, 200, 0, 0, 0, 0
INVAR-43, Run: 100, P, 200, 0, 0, 0, 0
INVAR-44, Run: 001, F, 13, 0, 24, 37, 13
INVAR-44, Run: 002, F, 16, 0, 18, 34, 16
INVAR-44, Run: 003, F, 15, 0, 20, 35, 15
INVAR-44, Run: 004, F, 16, 0, 18, 34, 16
INVAR-44, Run: 005, F, 13, 0, 24, 37, 13
INVAR-44, Run: 006, F, 19, 0, 12, 31, 19
INVAR-44, Run: 007, F, 17, 0, 16, 33, 17
INVAR-44, Run: 008, F, 15, 0, 20, 35, 15
INVAR-44, Run: 009, F, 17, 0, 16, 33, 17
INVAR-44, Run: 010, F, 18, 0, 14, 32, 18
INVAR-44, Run: 011, F, 16, 0, 18, 34, 16
INVAR-44, Run: 012, F, 16, 0, 18, 34, 16
INVAR-44, Run: 013, F, 14, 0, 22, 36, 14
INVAR-44, Run: 014, F, 15, 0, 20, 35, 15
INVAR-44, Run: 015, F, 17, 0, 16, 33, 17
INVAR-44, Run: 016, F, 18, 0, 14, 32, 18
INVAR-44, Run: 017, F, 18, 0, 14, 32, 18
INVAR-44, Run: 018, F, 16, 0, 18, 34, 16
INVAR-44, Run: 019, F, 12, 0, 26, 38, 12
INVAR-44, Run: 020, F, 17, 0, 16, 33, 17
INVAR-44, Run: 021, F, 16, 0, 18, 34, 16
INVAR-44, Run: 022, F, 20, 0, 10, 30, 20
INVAR-44, Run: 023, F, 15, 0, 20, 35, 15
INVAR-44, Run: 024, F, 17, 0, 16, 33, 17
INVAR-44, Run: 025, F, 17, 0, 16, 33, 17
INVAR-44, Run: 026, F, 16, 0, 18, 34, 16
INVAR-44, Run: 027, F, 12, 0, 26, 38, 12
INVAR-44, Run: 028, F, 16, 0, 18, 34, 16
INVAR-44, Run: 029, F, 15, 0, 20, 35, 15
INVAR-44, Run: 030, F, 16, 0, 18, 34, 16
INVAR-44, Run: 031, F, 18, 0, 14, 32, 18
INVAR-44, Run: 032, F, 18, 0, 14, 32, 18
INVAR-44, Run: 033, F, 16, 0, 18, 34, 16
INVAR-44, Run: 034, F, 14, 0, 22, 36, 14
INVAR-44, Run: 035, F, 15, 0, 20, 35, 15
INVAR-44, Run: 036, F, 17, 0, 16, 33, 17
INVAR-44, Run: 037, F, 15, 0, 20, 35, 15
INVAR-44, Run: 038, F, 14, 0, 22, 36, 14
INVAR-44, Run: 039, F, 15, 0, 20, 35, 15
INVAR-44, Run: 040, F, 15, 0, 20, 35, 15
INVAR-44, Run: 041, F, 15, 0, 20, 35, 15
INVAR-44, Run: 042, F, 17, 0, 16, 33, 17
INVAR-44, Run: 043, F, 13, 0, 24, 37, 13
INVAR-44, Run: 044, F, 16, 0, 18, 34, 16
INVAR-44, Run: 045, F, 15, 0, 20, 35, 15
INVAR-44, Run: 046, F, 15, 0, 20, 35, 15
INVAR-44, Run: 047, F, 16, 0, 18, 34, 16
INVAR-44, Run: 048, F, 19, 0, 12, 31, 19
INVAR-44, Run: 049, F, 15, 0, 20, 35, 15
INVAR-44, Run: 050, F, 13, 0, 24, 37, 13
INVAR-44, Run: 051, F, 18, 0, 14, 32, 18
INVAR-44, Run: 052, F, 19, 0, 12, 31, 19
INVAR-44, Run: 053, F, 15, 0, 20, 35, 15
INVAR-44, Run: 054, F, 17, 0, 16, 33, 17
INVAR-44, Run: 055, F, 18, 0, 14, 32, 18
INVAR-44, Run: 056, F, 17, 0, 16, 33, 17
INVAR-44, Run: 057, F, 11, 0, 28, 39, 11
INVAR-44, Run: 058, F, 18, 0, 14, 32, 18
INVAR-44, Run: 059, F, 16, 0, 18, 34, 16
INVAR-44, Run: 060, F, 14, 0, 22, 36, 14
INVAR-44, Run: 061, F, 16, 0, 18, 34, 16
INVAR-44, Run: 062, F, 15, 0, 20, 35, 15
INVAR-44, Run: 063, F, 15, 0, 20, 35, 15
INVAR-44, Run: 064, F, 13, 0, 24, 37, 13
INVAR-44, Run: 065, F, 18, 0, 14, 32, 18
INVAR-44, Run: 066, F, 17, 0, 16, 33, 17
INVAR-44, Run: 067, F, 17, 0, 16, 33, 17
INVAR-44, Run: 068, F, 16, 0, 18, 34, 16
INVAR-44, Run: 069, F, 16, 0, 18, 34, 16
INVAR-44, Run: 070, F, 17, 0, 16, 33, 17
INVAR-44, Run: 071, F, 16, 0, 18, 34, 16
INVAR-44, Run: 072, F, 15, 0, 20, 35, 15
INVAR-44, Run: 073, F, 16, 0, 18, 34, 16
INVAR-44, Run: 074, F, 18, 0, 14, 32, 18
INVAR-44, Run: 075, F, 14, 0, 22, 36, 14
INVAR-44, Run: 076, F, 16, 0, 18, 34, 16
INVAR-44, Run: 077, F, 15, 0, 20, 35, 15
INVAR-44, Run: 078, F, 15, 0, 20, 35, 15
INVAR-44, Run: 079, F, 15, 0, 20, 35, 15
INVAR-44, Run: 080, F, 15, 0, 20, 35, 15
INVAR-44, Run: 081, F, 15, 0, 20, 35, 15
INVAR-44, Run: 082, F, 16, 0, 18, 34, 16
INVAR-44, Run: 083, F, 17, 0, 16, 33, 17
INVAR-44, Run: 084, F, 15, 0, 20, 35, 15
INVAR-44, Run: 085, F, 18, 0, 14, 32, 18
INVAR-44, Run: 086, F, 15, 0, 20, 35, 15
INVAR-44, Run: 087, F, 18, 0, 14, 32, 18
INVAR-44, Run: 088, F, 18, 0, 14, 32, 18
INVAR-44, Run: 089, F, 15, 0, 20, 35, 15
INVAR-44, Run: 090, F, 16, 0, 18, 34, 16
INVAR-44, Run: 091, F, 16, 0, 18, 34, 16
INVAR-44, Run: 092, F, 18, 0, 14, 32, 18
INVAR-44, Run: 093, F, 17, 0, 16, 33, 17
INVAR-44, Run: 094, F, 14, 0, 22, 36, 14
INVAR-44, Run: 095, F, 14, 0, 22, 36, 14
INVAR-44, Run: 096, F, 17, 0, 16, 33, 17
INVAR-44, Run: 097, F, 15, 0, 20, 35, 15
INVAR-44, Run: 098, F, 17, 0, 16, 33, 17
INVAR-44, Run: 099, F, 15, 0, 20, 35, 15
INVAR-44, Run: 100, F, 12, 0, 26, 38, 12
INVAR-45, Run: 001, F, 33, 0, 34, 67, 33
INVAR-45, Run: 002, F, 29, 0, 42, 71, 29
INVAR-45, Run: 003, F, 33, 0, 34, 67, 33
INVAR-45, Run: 004, F, 35, 0, 30, 65, 35
INVAR-45, Run: 005, F, 30, 0, 40, 70, 30
INVAR-45, Run: 006, F, 32, 0, 36, 68, 32
INVAR-45, Run: 007, F, 33, 0, 34, 67, 33
INVAR-45, Run: 008, F, 24, 0, 52, 76, 24
INVAR-45, Run: 009, F, 35, 0, 30, 65, 35
INVAR-45, Run: 010, F, 32, 0, 36, 68, 32
INVAR-45, Run: 011, F, 33, 0, 34, 67, 33
INVAR-45, Run: 012, F, 34, 0, 32, 66, 34
INVAR-45, Run: 013, F, 33, 0, 34, 67, 33
INVAR-45, Run: 014, F, 30, 0, 40, 70, 30
INVAR-45, Run: 015, F, 32, 0, 36, 68, 32
INVAR-45, Run: 016, F, 35, 0, 30, 65, 35
INVAR-45, Run: 017, F, 32, 0, 36, 68, 32
INVAR-45, Run: 018, F, 27, 0, 46, 73, 27
INVAR-45, Run: 019, F, 30, 0, 40, 70, 30
INVAR-45, Run: 020, F, 31, 0, 38, 69, 31
INVAR-45, Run: 021, F, 34, 0, 32, 66, 34
INVAR-45, Run: 022, F, 34, 0, 32, 66, 34
INVAR-45, Run: 023, F, 31, 0, 38, 69, 31
INVAR-45, Run: 024, F, 30, 0, 40, 70, 30
INVAR-45, Run: 025, F, 31, 0, 38, 69, 31
INVAR-45, Run: 026, F, 32, 0, 36, 68, 32
INVAR-45, Run: 027, F, 30, 0, 40, 70, 30
INVAR-45, Run: 028, F, 34, 0, 32, 66, 34
INVAR-45, Run: 029, F, 31, 0, 38, 69, 31
INVAR-45, Run: 030, F, 34, 0, 32, 66, 34
INVAR-45, Run: 031, F, 34, 0, 32, 66, 34
INVAR-45, Run: 032, F, 33, 0, 34, 67, 33
INVAR-45, Run: 033, F, 33, 0, 34, 67, 33
INVAR-45, Run: 034, F, 32, 0, 36, 68, 32
INVAR-45, Run: 035, F, 33, 0, 34, 67, 33
INVAR-45, Run: 036, F, 29, 0, 42, 71, 29
INVAR-45, Run: 037, F, 29, 0, 42, 71, 29
INVAR-45, Run: 038, F, 31, 0, 38, 69, 31
INVAR-45, Run: 039, F, 27, 0, 46, 73, 27
INVAR-45, Run: 040, F, 32, 0, 36, 68, 32
INVAR-45, Run: 041, F, 33, 0, 34, 67, 33
INVAR-45, Run: 042, F, 32, 0, 36, 68, 32
INVAR-45, Run: 043, F, 30, 0, 40, 70, 30
INVAR-45, Run: 044, F, 34, 0, 32, 66, 34
INVAR-45, Run: 045, F, 35, 0, 30, 65, 35
INVAR-45, Run: 046, F, 34, 0, 32, 66, 34
INVAR-45, Run: 047, F, 33, 0, 34, 67, 33
INVAR-45, Run: 048, F, 28, 0, 44, 72, 28
INVAR-45, Run: 049, F, 30, 0, 40, 70, 30
INVAR-45, Run: 050, F, 30, 0, 40, 70, 30
INVAR-45, Run: 051, F, 34, 0, 32, 66, 34
INVAR-45, Run: 052, F, 33, 0, 34, 67, 33
INVAR-45, Run: 053, F, 29, 0, 42, 71, 29
INVAR-45, Run: 054, F, 32, 0, 36, 68, 32
INVAR-45, Run: 055, F, 30, 0, 40, 70, 30
INVAR-45, Run: 056, F, 28, 0, 44, 72, 28
INVAR-45, Run: 057, F, 31, 0, 38, 69, 31
INVAR-45, Run: 058, F, 34, 0, 32, 66, 34
INVAR-45, Run: 059, F, 32, 0, 36, 68, 32
INVAR-45, Run: 060, F, 28, 0, 44, 72, 28
INVAR-45, Run: 061, F, 30, 0, 40, 70, 30
INVAR-45, Run: 062, F, 33, 0, 34, 67, 33
INVAR-45, Run: 063, F, 32, 0, 36, 68, 32
INVAR-45, Run: 064, F, 35, 0, 30, 65, 35
INVAR-45, Run: 065, F, 34, 0, 32, 66, 34
INVAR-45, Run: 066, F, 33, 0, 34, 67, 33
INVAR-45, Run: 067, F, 31, 0, 38, 69, 31
INVAR-45, Run: 068, F, 34, 0, 32, 66, 34
INVAR-45, Run: 069, F, 28, 0, 44, 72, 28
INVAR-45, Run: 070, F, 29, 0, 42, 71, 29
INVAR-45, Run: 071, F, 30, 0, 40, 70, 30
INVAR-45, Run: 072, F, 34, 0, 32, 66, 34
INVAR-45, Run: 073, F, 29, 0, 42, 71, 29
INVAR-45, Run: 074, F, 26, 0, 48, 74, 26
INVAR-45, Run: 075, F, 31, 0, 38, 69, 31
INVAR-45, Run: 076, F, 31, 0, 38, 69, 31
INVAR-45, Run: 077, F, 32, 0, 36, 68, 32
INVAR-45, Run: 078, F, 36, 0, 28, 64, 36
INVAR-45, Run: 079, F, 34, 0, 32, 66, 34
INVAR-45, Run: 080, F, 33, 0, 34, 67, 33
INVAR-45, Run: 081, F, 30, 0, 40, 70, 30
INVAR-45, Run: 082, F, 31, 0, 38, 69, 31
INVAR-45, Run: 083, F, 29, 0, 42, 71, 29
INVAR-45, Run: 084, F, 32, 0, 36, 68, 32
INVAR-45, Run: 085, F, 28, 0, 44, 72, 28
INVAR-45, Run: 086, F, 33, 0, 34, 67, 33
INVAR-45, Run: 087, F, 35, 0, 30, 65, 35
INVAR-45, Run: 088, F, 37, 0, 26, 63, 37
INVAR-45, Run: 089, F, 30, 0, 40, 70, 30
INVAR-45, Run: 090, F, 33, 0, 34, 67, 33
INVAR-45, Run: 091, F, 32, 0, 36, 68, 32
INVAR-45, Run: 092, F, 28, 0, 44, 72, 28
INVAR-45, Run: 093, F, 30, 0, 40, 70, 30
INVAR-45, Run: 094, F, 29, 0, 42, 71, 29
INVAR-45, Run: 095, F, 30, 0, 40, 70, 30
INVAR-45, Run: 096, F, 32, 0, 36, 68, 32
INVAR-45, Run: 097, F, 33, 0, 34, 67, 33
INVAR-45, Run: 098, F, 33, 0, 34, 67, 33
INVAR-45, Run: 099, F, 33, 0, 34, 67, 33
INVAR-45, Run: 100, F, 33, 0, 34, 67, 33
INVAR-46, Run: 001, F, 65, 0, 70, 135, 65
INVAR-46, Run: 002, F, 67, 0, 66, 133, 67
INVAR-46, Run: 003, F, 63, 0, 74, 137, 63
INVAR-46, Run: 004, F, 69, 0, 62, 131, 69
INVAR-46, Run: 005, F, 57, 0, 86, 143, 57
INVAR-46, Run: 006, F, 62, 0, 76, 138, 62
INVAR-46, Run: 007, F, 69, 0, 62, 131, 69
INVAR-46, Run: 008, F, 67, 0, 66, 133, 67
INVAR-46, Run: 009, F, 65, 0, 70, 135, 65
INVAR-46, Run: 010, F, 62, 0, 76, 138, 62
INVAR-46, Run: 011, F, 66, 0, 68, 134, 66
INVAR-46, Run: 012, F, 54, 0, 92, 146, 54
INVAR-46, Run: 013, F, 60, 0, 80, 140, 60
INVAR-46, Run: 014, F, 64, 0, 72, 136, 64
INVAR-46, Run: 015, F, 67, 0, 66, 133, 67
INVAR-46, Run: 016, F, 57, 0, 86, 143, 57
INVAR-46, Run: 017, F, 61, 0, 78, 139, 61
INVAR-46, Run: 018, F, 61, 0, 78, 139, 61
INVAR-46, Run: 019, F, 65, 0, 70, 135, 65
INVAR-46, Run: 020, F, 64, 0, 72, 136, 64
INVAR-46, Run: 021, F, 64, 0, 72, 136, 64
INVAR-46, Run: 022, F, 70, 0, 60, 130, 70
INVAR-46, Run: 023, F, 66, 0, 68, 134, 66
INVAR-46, Run: 024, F, 66, 0, 68, 134, 66
INVAR-46, Run: 025, F, 63, 0, 74, 137, 63
INVAR-46, Run: 026, F, 64, 0, 72, 136, 64
INVAR-46, Run: 027, F, 64, 0, 72, 136, 64
INVAR-46, Run: 028, F, 60, 0, 80, 140, 60
INVAR-46, Run: 029, F, 57, 0, 86, 143, 57
INVAR-46, Run: 030, F, 69, 0, 62, 131, 69
INVAR-46, Run: 031, F, 61, 0, 78, 139, 61
INVAR-46, Run: 032, F, 64, 0, 72, 136, 64
INVAR-46, Run: 033, F, 61, 0, 78, 139, 61
INVAR-46, Run: 034, F, 61, 0, 78, 139, 61
INVAR-46, Run: 035, F, 59, 0, 82, 141, 59
INVAR-46, Run: 036, F, 59, 0, 82, 141, 59
INVAR-46, Run: 037, F, 64, 0, 72, 136, 64
INVAR-46, Run: 038, F, 64, 0, 72, 136, 64
INVAR-46, Run: 039, F, 64, 0, 72, 136, 64
INVAR-46, Run: 040, F, 68, 0, 64, 132, 68
INVAR-46, Run: 041, F, 66, 0, 68, 134, 66
INVAR-46, Run: 042, F, 62, 0, 76, 138, 62
INVAR-46, Run: 043, F, 63, 0, 74, 137, 63
INVAR-46, Run: 044, F, 71, 0, 58, 129, 71
INVAR-46, Run: 045, F, 58, 0, 84, 142, 58
INVAR-46, Run: 046, F, 69, 0, 62, 131, 69
INVAR-46, Run: 047, F, 62, 0, 76, 138, 62
INVAR-46, Run: 048, F, 65, 0, 70, 135, 65
INVAR-46, Run: 049, F, 64, 0, 72, 136, 64
INVAR-46, Run: 050, F, 71, 0, 58, 129, 71
INVAR-46, Run: 051, F, 62, 0, 76, 138, 62
INVAR-46, Run: 052, F, 63, 0, 74, 137, 63
INVAR-46, Run: 053, F, 64, 0, 72, 136, 64
INVAR-46, Run: 054, F, 61, 0, 78, 139, 61
INVAR-46, Run: 055, F, 63, 0, 74, 137, 63
INVAR-46, Run: 056, F, 67, 0, 66, 133, 67
INVAR-46, Run: 057, F, 60, 0, 80, 140, 60
INVAR-46, Run: 058, F, 62, 0, 76, 138, 62
INVAR-46, Run: 059, F, 62, 0, 76, 138, 62
INVAR-46, Run: 060, F, 69, 0, 62, 131, 69
INVAR-46, Run: 061, F, 62, 0, 76, 138, 62
INVAR-46, Run: 062, F, 66, 0, 68, 134, 66
INVAR-46, Run: 063, F, 63, 0, 74, 137, 63
INVAR-46, Run: 064, F, 62, 0, 76, 138, 62
INVAR-46, Run: 065, F, 59, 0, 82, 141, 59
INVAR-46, Run: 066, F, 60, 0, 80, 140, 60
INVAR-46, Run: 067, F, 60, 0, 80, 140, 60
INVAR-46, Run: 068, F, 62, 0, 76, 138, 62
INVAR-46, Run: 069, F, 59, 0, 82, 141, 59
INVAR-46, Run: 070, F, 69, 0, 62, 131, 69
INVAR-46, Run: 071, F, 67, 0, 66, 133, 67
INVAR-46, Run: 072, F, 68, 0, 64, 132, 68
INVAR-46, Run: 073, F, 59, 0, 82, 141, 59
INVAR-46, Run: 074, F, 65, 0, 70, 135, 65
INVAR-46, Run: 075, F, 70, 0, 60, 130, 70
INVAR-46, Run: 076, F, 60, 0, 80, 140, 60
INVAR-46, Run: 077, F, 61, 0, 78, 139, 61
INVAR-46, Run: 078, F, 63, 0, 74, 137, 63
INVAR-46, Run: 079, F, 67, 0, 66, 133, 67
INVAR-46, Run: 080, F, 67, 0, 66, 133, 67
INVAR-46, Run: 081, F, 59, 0, 82, 141, 59
INVAR-46, Run: 082, F, 62, 0, 76, 138, 62
INVAR-46, Run: 083, F, 64, 0, 72, 136, 64
INVAR-46, Run: 084, F, 69, 0, 62, 131, 69
INVAR-46, Run: 085, F, 62, 0, 76, 138, 62
INVAR-46, Run: 086, F, 61, 0, 78, 139, 61
INVAR-46, Run: 087, F, 62, 0, 76, 138, 62
INVAR-46, Run: 088, F, 65, 0, 70, 135, 65
INVAR-46, Run: 089, F, 59, 0, 82, 141, 59
INVAR-46, Run: 090, F, 63, 0, 74, 137, 63
INVAR-46, Run: 091, F, 61, 0, 78, 139, 61
INVAR-46, Run: 092, F, 71, 0, 58, 129, 71
INVAR-46, Run: 093, F, 68, 0, 64, 132, 68
INVAR-46, Run: 094, F, 65, 0, 70, 135, 65
INVAR-46, Run: 095, F, 67, 0, 66, 133, 67
INVAR-46, Run: 096, F, 65, 0, 70, 135, 65
INVAR-46, Run: 097, F, 60, 0, 80, 140, 60
INVAR-46, Run: 098, F, 65, 0, 70, 135, 65
INVAR-46, Run: 099, F, 66, 0, 68, 134, 66
INVAR-46, Run: 100, F, 66, 0, 68, 134, 66
INVAR-5, Run: 001, F, 27, 0, 23, 43, 20
INVAR-5, Run: 002, F, 25, 0, 27, 45, 18
INVAR-5, Run: 003, F, 24, 0, 29, 46, 17
INVAR-5, Run: 004, F, 27, 0, 23, 43, 20
INVAR-5, Run: 005, F, 24, 0, 29, 46, 17
INVAR-5, Run: 006, F, 22, 0, 33, 48, 15
INVAR-5, Run: 007, F, 23, 0, 31, 47, 16
INVAR-5, Run: 008, F, 27, 0, 23, 43, 20
INVAR-5, Run: 009, F, 24, 0, 29, 46, 17
INVAR-5, Run: 010, F, 22, 0, 33, 48, 15
INVAR-5, Run: 011, F, 25, 0, 27, 45, 18
INVAR-5, Run: 012, F, 25, 0, 27, 45, 18
INVAR-5, Run: 013, F, 30, 0, 17, 40, 23
INVAR-5, Run: 014, F, 28, 0, 21, 42, 21
INVAR-5, Run: 015, F, 25, 0, 27, 45, 18
INVAR-5, Run: 016, F, 27, 0, 23, 43, 20
INVAR-5, Run: 017, F, 22, 0, 33, 48, 15
INVAR-5, Run: 018, F, 24, 0, 29, 46, 17
INVAR-5, Run: 019, F, 25, 0, 27, 45, 18
INVAR-5, Run: 020, F, 23, 0, 31, 47, 16
INVAR-5, Run: 021, F, 25, 0, 27, 45, 18
INVAR-5, Run: 022, F, 22, 0, 33, 48, 15
INVAR-5, Run: 023, F, 26, 0, 25, 44, 19
INVAR-5, Run: 024, F, 26, 0, 25, 44, 19
INVAR-5, Run: 025, F, 24, 0, 29, 46, 17
INVAR-5, Run: 026, F, 23, 0, 31, 47, 16
INVAR-5, Run: 027, F, 26, 0, 25, 44, 19
INVAR-5, Run: 028, F, 26, 0, 25, 44, 19
INVAR-5, Run: 029, F, 27, 0, 23, 43, 20
INVAR-5, Run: 030, F, 26, 0, 25, 44, 19
INVAR-5, Run: 031, F, 25, 0, 27, 45, 18
INVAR-5, Run: 032, F, 24, 0, 29, 46, 17
INVAR-5, Run: 033, F, 26, 0, 25, 44, 19
INVAR-5, Run: 034, F, 25, 0, 27, 45, 18
INVAR-5, Run: 035, F, 24, 0, 29, 46, 17
INVAR-5, Run: 036, F, 26, 0, 25, 44, 19
INVAR-5, Run: 037, F, 26, 0, 25, 44, 19
INVAR-5, Run: 038, F, 24, 0, 29, 46, 17
INVAR-5, Run: 039, F, 23, 0, 31, 47, 16
INVAR-5, Run: 040, F, 23, 0, 31, 47, 16
INVAR-5, Run: 041, F, 27, 0, 23, 43, 20
INVAR-5, Run: 042, F, 26, 0, 25, 44, 19
INVAR-5, Run: 043, F, 26, 0, 25, 44, 19
INVAR-5, Run: 044, F, 25, 0, 27, 45, 18
INVAR-5, Run: 045, F, 22, 0, 33, 48, 15
INVAR-5, Run: 046, F, 23, 0, 31, 47, 16
INVAR-5, Run: 047, F, 25, 0, 27, 45, 18
INVAR-5, Run: 048, F, 26, 0, 25, 44, 19
INVAR-5, Run: 049, F, 26, 0, 25, 44, 19
INVAR-5, Run: 050, F, 24, 0, 29, 46, 17
INVAR-5, Run: 051, F, 28, 0, 21, 42, 21
INVAR-5, Run: 052, F, 27, 0, 23, 43, 20
INVAR-5, Run: 053, F, 26, 0, 25, 44, 19
INVAR-5, Run: 054, F, 22, 0, 33, 48, 15
INVAR-5, Run: 055, F, 27, 0, 23, 43, 20
INVAR-5, Run: 056, F, 25, 0, 27, 45, 18
INVAR-5, Run: 057, F, 29, 0, 19, 41, 22
INVAR-5, Run: 058, F, 27, 0, 23, 43, 20
INVAR-5, Run: 059, F, 21, 0, 35, 49, 14
INVAR-5, Run: 060, F, 21, 0, 35, 49, 14
INVAR-5, Run: 061, F, 26, 0, 25, 44, 19
INVAR-5, Run: 062, F, 31, 0, 15, 39, 24
INVAR-5, Run: 063, F, 26, 0, 25, 44, 19
INVAR-5, Run: 064, F, 25, 0, 27, 45, 18
INVAR-5, Run: 065, F, 26, 0, 25, 44, 19
INVAR-5, Run: 066, F, 25, 0, 27, 45, 18
INVAR-5, Run: 067, F, 27, 0, 23, 43, 20
INVAR-5, Run: 068, F, 24, 0, 29, 46, 17
INVAR-5, Run: 069, F, 27, 0, 23, 43, 20
INVAR-5, Run: 070, F, 24, 0, 29, 46, 17
INVAR-5, Run: 071, F, 28, 0, 21, 42, 21
INVAR-5, Run: 072, F, 26, 0, 25, 44, 19
INVAR-5, Run: 073, F, 24, 0, 29, 46, 17
INVAR-5, Run: 074, F, 23, 0, 31, 47, 16
INVAR-5, Run: 075, F, 23, 0, 31, 47, 16
INVAR-5, Run: 076, F, 26, 0, 25, 44, 19
INVAR-5, Run: 077, F, 26, 0, 25, 44, 19
INVAR-5, Run: 078, F, 24, 0, 29, 46, 17
INVAR-5, Run: 079, F, 24, 0, 29, 46, 17
INVAR-5, Run: 080, F, 25, 0, 27, 45, 18
INVAR-5, Run: 081, F, 25, 0, 27, 45, 18
INVAR-5, Run: 082, F, 26, 0, 25, 44, 19
INVAR-5, Run: 083, F, 25, 0, 27, 45, 18
INVAR-5, Run: 084, F, 24, 0, 29, 46, 17
INVAR-5, Run: 085, F, 29, 0, 19, 41, 22
INVAR-5, Run: 086, F, 31, 0, 15, 39, 24
INVAR-5, Run: 087, F, 24, 0, 29, 46, 17
INVAR-5, Run: 088, F, 24, 0, 29, 46, 17
INVAR-5, Run: 089, F, 26, 0, 25, 44, 19
INVAR-5, Run: 090, F, 24, 0, 29, 46, 17
INVAR-5, Run: 091, F, 28, 0, 21, 42, 21
INVAR-5, Run: 092, F, 26, 0, 25, 44, 19
INVAR-5, Run: 093, F, 28, 0, 21, 42, 21
INVAR-5, Run: 094, F, 23, 0, 31, 47, 16
INVAR-5, Run: 095, F, 25, 0, 27, 45, 18
INVAR-5, Run: 096, F, 22, 0, 33, 48, 15
INVAR-5, Run: 097, F, 26, 0, 25, 44, 19
INVAR-5, Run: 098, F, 30, 0, 17, 40, 23
INVAR-5, Run: 099, F, 26, 0, 25, 44, 19
INVAR-5, Run: 100, F, 28, 0, 21, 42, 21
INVAR-6, Run: 001, F, 73, 0, 69, 119, 50
INVAR-6, Run: 002, F, 78, 0, 59, 114, 55
INVAR-6, Run: 003, F, 75, 0, 65, 117, 52
INVAR-6, Run: 004, F, 70, 0, 75, 122, 47
INVAR-6, Run: 005, F, 76, 0, 63, 116, 53
INVAR-6, Run: 006, F, 70, 0, 75, 122, 47
INVAR-6, Run: 007, F, 75, 0, 65, 117, 52
INVAR-6, Run: 008, F, 74, 0, 67, 118, 51
INVAR-6, Run: 009, F, 68, 0, 79, 124, 45
INVAR-6, Run: 010, F, 70, 0, 75, 122, 47
INVAR-6, Run: 011, F, 76, 0, 63, 116, 53
INVAR-6, Run: 012, F, 71, 0, 73, 121, 48
INVAR-6, Run: 013, F, 76, 0, 63, 116, 53
INVAR-6, Run: 014, F, 76, 0, 63, 116, 53
INVAR-6, Run: 015, F, 74, 0, 67, 118, 51
INVAR-6, Run: 016, F, 74, 0, 67, 118, 51
INVAR-6, Run: 017, F, 70, 0, 75, 122, 47
INVAR-6, Run: 018, F, 68, 0, 79, 124, 45
INVAR-6, Run: 019, F, 71, 0, 73, 121, 48
INVAR-6, Run: 020, F, 75, 0, 65, 117, 52
INVAR-6, Run: 021, F, 67, 0, 81, 125, 44
INVAR-6, Run: 022, F, 71, 0, 73, 121, 48
INVAR-6, Run: 023, F, 72, 0, 71, 120, 49
INVAR-6, Run: 024, F, 74, 0, 67, 118, 51
INVAR-6, Run: 025, F, 80, 0, 55, 112, 57
INVAR-6, Run: 026, F, 71, 0, 73, 121, 48
INVAR-6, Run: 027, F, 71, 0, 73, 121, 48
INVAR-6, Run: 028, F, 71, 0, 73, 121, 48
INVAR-6, Run: 029, F, 74, 0, 67, 118, 51
INVAR-6, Run: 030, F, 73, 0, 69, 119, 50
INVAR-6, Run: 031, F, 73, 0, 69, 119, 50
INVAR-6, Run: 032, F, 76, 0, 63, 116, 53
INVAR-6, Run: 033, F, 74, 0, 67, 118, 51
INVAR-6, Run: 034, F, 73, 0, 69, 119, 50
INVAR-6, Run: 035, F, 73, 0, 69, 119, 50
INVAR-6, Run: 036, F, 70, 0, 75, 122, 47
INVAR-6, Run: 037, F, 76, 0, 63, 116, 53
INVAR-6, Run: 038, F, 66, 0, 83, 126, 43
INVAR-6, Run: 039, F, 71, 0, 73, 121, 48
INVAR-6, Run: 040, F, 74, 0, 67, 118, 51
INVAR-6, Run: 041, F, 71, 0, 73, 121, 48
INVAR-6, Run: 042, F, 72, 0, 71, 120, 49
INVAR-6, Run: 043, F, 68, 0, 79, 124, 45
INVAR-6, Run: 044, F, 69, 0, 77, 123, 46
INVAR-6, Run: 045, F, 76, 0, 63, 116, 53
INVAR-6, Run: 046, F, 71, 0, 73, 121, 48
INVAR-6, Run: 047, F, 75, 0, 65, 117, 52
INVAR-6, Run: 048, F, 79, 0, 57, 113, 56
INVAR-6, Run: 049, F, 77, 0, 61, 115, 54
INVAR-6, Run: 050, F, 72, 0, 71, 120, 49
INVAR-6, Run: 051, F, 69, 0, 77, 123, 46
INVAR-6, Run: 052, F, 73, 0, 69, 119, 50
INVAR-6, Run: 053, F, 72, 0, 71, 120, 49
INVAR-6, Run: 054, F, 73, 0, 69, 119, 50
INVAR-6, Run: 055, F, 73, 0, 69, 119, 50
INVAR-6, Run: 056, F, 69, 0, 77, 123, 46
INVAR-6, Run: 057, F, 68, 0, 79, 124, 45
INVAR-6, Run: 058, F, 69, 0, 77, 123, 46
INVAR-6, Run: 059, F, 66, 0, 83, 126, 43
INVAR-6, Run: 060, F, 74, 0, 67, 118, 51
INVAR-6, Run: 061, F, 74, 0, 67, 118, 51
INVAR-6, Run: 062, F, 68, 0, 79, 124, 45
INVAR-6, Run: 063, F, 73, 0, 69, 119, 50
INVAR-6, Run: 064, F, 76, 0, 63, 116, 53
INVAR-6, Run: 065, F, 77, 0, 61, 115, 54
INVAR-6, Run: 066, F, 71, 0, 73, 121, 48
INVAR-6, Run: 067, F, 71, 0, 73, 121, 48
INVAR-6, Run: 068, F, 77, 0, 61, 115, 54
INVAR-6, Run: 069, F, 74, 0, 67, 118, 51
INVAR-6, Run: 070, F, 72, 0, 71, 120, 49
INVAR-6, Run: 071, F, 76, 0, 63, 116, 53
INVAR-6, Run: 072, F, 77, 0, 61, 115, 54
INVAR-6, Run: 073, F, 73, 0, 69, 119, 50
INVAR-6, Run: 074, F, 68, 0, 79, 124, 45
INVAR-6, Run: 075, F, 76, 0, 63, 116, 53
INVAR-6, Run: 076, F, 74, 0, 67, 118, 51
INVAR-6, Run: 077, F, 74, 0, 67, 118, 51
INVAR-6, Run: 078, F, 73, 0, 69, 119, 50
INVAR-6, Run: 079, F, 72, 0, 71, 120, 49
INVAR-6, Run: 080, F, 80, 0, 55, 112, 57
INVAR-6, Run: 081, F, 73, 0, 69, 119, 50
INVAR-6, Run: 082, F, 78, 0, 59, 114, 55
INVAR-6, Run: 083, F, 69, 0, 77, 123, 46
INVAR-6, Run: 084, F, 75, 0, 65, 117, 52
INVAR-6, Run: 085, F, 76, 0, 63, 116, 53
INVAR-6, Run: 086, F, 75, 0, 65, 117, 52
INVAR-6, Run: 087, F, 71, 0, 73, 121, 48
INVAR-6, Run: 088, F, 77, 0, 61, 115, 54
INVAR-6, Run: 089, F, 72, 0, 71, 120, 49
INVAR-6, Run: 090, F, 76, 0, 63, 116, 53
INVAR-6, Run: 091, F, 67, 0, 81, 125, 44
INVAR-6, Run: 092, F, 69, 0, 77, 123, 46
INVAR-6, Run: 093, F, 70, 0, 75, 122, 47
INVAR-6, Run: 094, F, 75, 0, 65, 117, 52
INVAR-6, Run: 095, F, 77, 0, 61, 115, 54
INVAR-6, Run: 096, F, 69, 0, 77, 123, 46
INVAR-6, Run: 097, F, 73, 0, 69, 119, 50
INVAR-6, Run: 098, F, 77, 0, 61, 115, 54
INVAR-6, Run: 099, F, 73, 0, 69, 119, 50
INVAR-6, Run: 100, F, 73, 0, 69, 119, 50
INVAR-7, Run: 001, P, 14, 0, 0, 0, 0
INVAR-7, Run: 002, P, 14, 0, 0, 0, 0
INVAR-7, Run: 003, P, 14, 0, 0, 0, 0
INVAR-7, Run: 004, P, 14, 0, 0, 0, 0
INVAR-7, Run: 005, P, 14, 0, 0, 0, 0
INVAR-7, Run: 006, P, 14, 0, 0, 0, 0
INVAR-7, Run: 007, P, 14, 0, 0, 0, 0
INVAR-7, Run: 008, P, 14, 0, 0, 0, 0
INVAR-7, Run: 009, P, 14, 0, 0, 0, 0
INVAR-7, Run: 010, P, 14, 0, 0, 0, 0
INVAR-7, Run: 011, P, 14, 0, 0, 0, 0
INVAR-7, Run: 012, P, 14, 0, 0, 0, 0
INVAR-7, Run: 013, P, 14, 0, 0, 0, 0
INVAR-7, Run: 014, P, 14, 0, 0, 0, 0
INVAR-7, Run: 015, P, 14, 0, 0, 0, 0
INVAR-7, Run: 016, P, 14, 0, 0, 0, 0
INVAR-7, Run: 017, P, 14, 0, 0, 0, 0
INVAR-7, Run: 018, P, 14, 0, 0, 0, 0
INVAR-7, Run: 019, P, 14, 0, 0, 0, 0
INVAR-7, Run: 020, P, 14, 0, 0, 0, 0
INVAR-7, Run: 021, P, 14, 0, 0, 0, 0
INVAR-7, Run: 022, P, 14, 0, 0, 0, 0
INVAR-7, Run: 023, P, 14, 0, 0, 0, 0
INVAR-7, Run: 024, P, 14, 0, 0, 0, 0
INVAR-7, Run: 025, P, 14, 0, 0, 0, 0
INVAR-7, Run: 026, P, 14, 0, 0, 0, 0
INVAR-7, Run: 027, P, 14, 0, 0, 0, 0
INVAR-7, Run: 028, P, 14, 0, 0, 0, 0
INVAR-7, Run: 029, P, 14, 0, 0, 0, 0
INVAR-7, Run: 030, P, 14, 0, 0, 0, 0
INVAR-7, Run: 031, P, 14, 0, 0, 0, 0
INVAR-7, Run: 032, P, 14, 0, 0, 0, 0
INVAR-7, Run: 033, P, 14, 0, 0, 0, 0
INVAR-7, Run: 034, P, 14, 0, 0, 0, 0
INVAR-7, Run: 035, P, 14, 0, 0, 0, 0
INVAR-7, Run: 036, P, 14, 0, 0, 0, 0
INVAR-7, Run: 037, P, 14, 0, 0, 0, 0
INVAR-7, Run: 038, P, 14, 0, 0, 0, 0
INVAR-7, Run: 039, P, 14, 0, 0, 0, 0
INVAR-7, Run: 040, P, 14, 0, 0, 0, 0
INVAR-7, Run: 041, P, 14, 0, 0, 0, 0
INVAR-7, Run: 042, P, 14, 0, 0, 0, 0
INVAR-7, Run: 043, P, 14, 0, 0, 0, 0
INVAR-7, Run: 044, P, 14, 0, 0, 0, 0
INVAR-7, Run: 045, P, 14, 0, 0, 0, 0
INVAR-7, Run: 046, P, 14, 0, 0, 0, 0
INVAR-7, Run: 047, P, 14, 0, 0, 0, 0
INVAR-7, Run: 048, P, 14, 0, 0, 0, 0
INVAR-7, Run: 049, P, 14, 0, 0, 0, 0
INVAR-7, Run: 050, P, 14, 0, 0, 0, 0
INVAR-7, Run: 051, P, 14, 0, 0, 0, 0
INVAR-7, Run: 052, P, 14, 0, 0, 0, 0
INVAR-7, Run: 053, P, 14, 0, 0, 0, 0
INVAR-7, Run: 054, P, 14, 0, 0, 0, 0
INVAR-7, Run: 055, P, 14, 0, 0, 0, 0
INVAR-7, Run: 056, P, 14, 0, 0, 0, 0
INVAR-7, Run: 057, P, 14, 0, 0, 0, 0
INVAR-7, Run: 058, P, 14, 0, 0, 0, 0
INVAR-7, Run: 059, P, 14, 0, 0, 0, 0
INVAR-7, Run: 060, P, 14, 0, 0, 0, 0
INVAR-7, Run: 061, P, 14, 0, 0, 0, 0
INVAR-7, Run: 062, P, 14, 0, 0, 0, 0
INVAR-7, Run: 063, P, 14, 0, 0, 0, 0
INVAR-7, Run: 064, P, 14, 0, 0, 0, 0
INVAR-7, Run: 065, P, 14, 0, 0, 0, 0
INVAR-7, Run: 066, P, 14, 0, 0, 0, 0
INVAR-7, Run: 067, P, 14, 0, 0, 0, 0
INVAR-7, Run: 068, P, 14, 0, 0, 0, 0
INVAR-7, Run: 069, P, 14, 0, 0, 0, 0
INVAR-7, Run: 070, P, 14, 0, 0, 0, 0
INVAR-7, Run: 071, P, 14, 0, 0, 0, 0
INVAR-7, Run: 072, P, 14, 0, 0, 0, 0
INVAR-7, Run: 073, P, 14, 0, 0, 0, 0
INVAR-7, Run: 074, P, 14, 0, 0, 0, 0
INVAR-7, Run: 075, P, 14, 0, 0, 0, 0
INVAR-7, Run: 076, P, 14, 0, 0, 0, 0
INVAR-7, Run: 077, P, 14, 0, 0, 0, 0
INVAR-7, Run: 078, P, 14, 0, 0, 0, 0
INVAR-7, Run: 079, P, 14, 0, 0, 0, 0
INVAR-7, Run: 080, P, 14, 0, 0, 0, 0
INVAR-7, Run: 081, P, 14, 0, 0, 0, 0
INVAR-7, Run: 082, P, 14, 0, 0, 0, 0
INVAR-7, Run: 083, P, 14, 0, 0, 0, 0
INVAR-7, Run: 084, P, 14, 0, 0, 0, 0
INVAR-7, Run: 085, P, 14, 0, 0, 0, 0
INVAR-7, Run: 086, P, 14, 0, 0, 0, 0
INVAR-7, Run: 087, P, 14, 0, 0, 0, 0
INVAR-7, Run: 088, P, 14, 0, 0, 0, 0
INVAR-7, Run: 089, P, 14, 0, 0, 0, 0
INVAR-7, Run: 090, P, 14, 0, 0, 0, 0
INVAR-7, Run: 091, P, 14, 0, 0, 0, 0
INVAR-7, Run: 092, P, 14, 0, 0, 0, 0
INVAR-7, Run: 093, P, 14, 0, 0, 0, 0
INVAR-7, Run: 094, P, 14, 0, 0, 0, 0
INVAR-7, Run: 095, P, 14, 0, 0, 0, 0
INVAR-7, Run: 096, P, 14, 0, 0, 0, 0
INVAR-7, Run: 097, P, 14, 0, 0, 0, 0
INVAR-7, Run: 098, P, 14, 0, 0, 0, 0
INVAR-7, Run: 099, P, 14, 0, 0, 0, 0
INVAR-7, Run: 100, P, 14, 0, 0, 0, 0
INVAR-8, Run: 001, P, 90, 0, 0, 0, 0
INVAR-8, Run: 002, P, 90, 0, 0, 0, 0
INVAR-8, Run: 003, P, 90, 0, 0, 0, 0
INVAR-8, Run: 004, P, 90, 0, 0, 0, 0
INVAR-8, Run: 005, P, 90, 0, 0, 0, 0
INVAR-8, Run: 006, P, 90, 0, 0, 0, 0
INVAR-8, Run: 007, P, 90, 0, 0, 0, 0
INVAR-8, Run: 008, P, 90, 0, 0, 0, 0
INVAR-8, Run: 009, P, 90, 0, 0, 0, 0
INVAR-8, Run: 010, P, 90, 0, 0, 0, 0
INVAR-8, Run: 011, P, 90, 0, 0, 0, 0
INVAR-8, Run: 012, P, 90, 0, 0, 0, 0
INVAR-8, Run: 013, P, 90, 0, 0, 0, 0
INVAR-8, Run: 014, P, 90, 0, 0, 0, 0
INVAR-8, Run: 015, P, 90, 0, 0, 0, 0
INVAR-8, Run: 016, P, 90, 0, 0, 0, 0
INVAR-8, Run: 017, P, 90, 0, 0, 0, 0
INVAR-8, Run: 018, P, 90, 0, 0, 0, 0
INVAR-8, Run: 019, P, 90, 0, 0, 0, 0
INVAR-8, Run: 020, P, 90, 0, 0, 0, 0
INVAR-8, Run: 021, P, 90, 0, 0, 0, 0
INVAR-8, Run: 022, P, 90, 0, 0, 0, 0
INVAR-8, Run: 023, P, 90, 0, 0, 0, 0
INVAR-8, Run: 024, P, 90, 0, 0, 0, 0
INVAR-8, Run: 025, P, 90, 0, 0, 0, 0
INVAR-8, Run: 026, P, 90, 0, 0, 0, 0
INVAR-8, Run: 027, P, 90, 0, 0, 0, 0
INVAR-8, Run: 028, P, 90, 0, 0, 0, 0
INVAR-8, Run: 029, P, 90, 0, 0, 0, 0
INVAR-8, Run: 030, P, 90, 0, 0, 0, 0
INVAR-8, Run: 031, P, 90, 0, 0, 0, 0
INVAR-8, Run: 032, P, 90, 0, 0, 0, 0
INVAR-8, Run: 033, P, 90, 0, 0, 0, 0
INVAR-8, Run: 034, P, 90, 0, 0, 0, 0
INVAR-8, Run: 035, P, 90, 0, 0, 0, 0
INVAR-8, Run: 036, P, 90, 0, 0, 0, 0
INVAR-8, Run: 037, P, 90, 0, 0, 0, 0
INVAR-8, Run: 038, P, 90, 0, 0, 0, 0
INVAR-8, Run: 039, P, 90, 0, 0, 0, 0
INVAR-8, Run: 040, P, 90, 0, 0, 0, 0
INVAR-8, Run: 041, P, 90, 0, 0, 0, 0
INVAR-8, Run: 042, P, 90, 0, 0, 0, 0
INVAR-8, Run: 043, P, 90, 0, 0, 0, 0
INVAR-8, Run: 044, P, 90, 0, 0, 0, 0
INVAR-8, Run: 045, P, 90, 0, 0, 0, 0
INVAR-8, Run: 046, P, 90, 0, 0, 0, 0
INVAR-8, Run: 047, P, 90, 0, 0, 0, 0
INVAR-8, Run: 048, P, 90, 0, 0, 0, 0
INVAR-8, Run: 049, P, 90, 0, 0, 0, 0
INVAR-8, Run: 050, P, 90, 0, 0, 0, 0
INVAR-8, Run: 051, P, 90, 0, 0, 0, 0
INVAR-8, Run: 052, P, 90, 0, 0, 0, 0
INVAR-8, Run: 053, P, 90, 0, 0, 0, 0
INVAR-8, Run: 054, P, 90, 0, 0, 0, 0
INVAR-8, Run: 055, P, 90, 0, 0, 0, 0
INVAR-8, Run: 056, P, 90, 0, 0, 0, 0
INVAR-8, Run: 057, P, 90, 0, 0, 0, 0
INVAR-8, Run: 058, P, 90, 0, 0, 0, 0
INVAR-8, Run: 059, P, 90, 0, 0, 0, 0
INVAR-8, Run: 060, P, 90, 0, 0, 0, 0
INVAR-8, Run: 061, P, 90, 0, 0, 0, 0
INVAR-8, Run: 062, P, 90, 0, 0, 0, 0
INVAR-8, Run: 063, P, 90, 0, 0, 0, 0
INVAR-8, Run: 064, P, 90, 0, 0, 0, 0
INVAR-8, Run: 065, P, 90, 0, 0, 0, 0
INVAR-8, Run: 066, P, 90, 0, 0, 0, 0
INVAR-8, Run: 067, P, 90, 0, 0, 0, 0
INVAR-8, Run: 068, P, 90, 0, 0, 0, 0
INVAR-8, Run: 069, P, 90, 0, 0, 0, 0
INVAR-8, Run: 070, P, 90, 0, 0, 0, 0
INVAR-8, Run: 071, P, 90, 0, 0, 0, 0
INVAR-8, Run: 072, P, 90, 0, 0, 0, 0
INVAR-8, Run: 073, P, 90, 0, 0, 0, 0
INVAR-8, Run: 074, P, 90, 0, 0, 0, 0
INVAR-8, Run: 075, P, 90, 0, 0, 0, 0
INVAR-8, Run: 076, P, 90, 0, 0, 0, 0
INVAR-8, Run: 077, P, 90, 0, 0, 0, 0
INVAR-8, Run: 078, P, 90, 0, 0, 0, 0
INVAR-8, Run: 079, P, 90, 0, 0, 0, 0
INVAR-8, Run: 080, P, 90, 0, 0, 0, 0
INVAR-8, Run: 081, P, 90, 0, 0, 0, 0
INVAR-8, Run: 082, P, 90, 0, 0, 0, 0
INVAR-8, Run: 083, P, 90, 0, 0, 0, 0
INVAR-8, Run: 084, P, 90, 0, 0, 0, 0
INVAR-8, Run: 085, P, 90, 0, 0, 0, 0
INVAR-8, Run: 086, P, 90, 0, 0, 0, 0
INVAR-8, Run: 087, P, 90, 0, 0, 0, 0
INVAR-8, Run: 088, P, 90, 0, 0, 0, 0
INVAR-8, Run: 089, P, 90, 0, 0, 0, 0
INVAR-8, Run: 090, P, 90, 0, 0, 0, 0
INVAR-8, Run: 091, P, 90, 0, 0, 0, 0
INVAR-8, Run: 092, P, 90, 0, 0, 0, 0
INVAR-8, Run: 093, P, 90, 0, 0, 0, 0
INVAR-8, Run: 094, P, 90, 0, 0, 0, 0
INVAR-8, Run: 095, P, 90, 0, 0, 0, 0
INVAR-8, Run: 096, P, 90, 0, 0, 0, 0
INVAR-8, Run: 097, P, 90, 0, 0, 0, 0
INVAR-8, Run: 098, P, 90, 0, 0, 0, 0
INVAR-8, Run: 099, P, 90, 0, 0, 0, 0
INVAR-8, Run: 100, P, 90, 0, 0, 0, 0
INVAR-9, Run: 001, P, 198, 0, 0, 0, 0
INVAR-9, Run: 002, P, 198, 0, 0, 0, 0
INVAR-9, Run: 003, P, 198, 0, 0, 0, 0
INVAR-9, Run: 004, P, 198, 0, 0, 0, 0
INVAR-9, Run: 005, P, 198, 0, 0, 0, 0
INVAR-9, Run: 006, P, 198, 0, 0, 0, 0
INVAR-9, Run: 007, P, 198, 0, 0, 0, 0
INVAR-9, Run: 008, P, 198, 0, 0, 0, 0
INVAR-9, Run: 009, P, 198, 0, 0, 0, 0
INVAR-9, Run: 010, P, 198, 0, 0, 0, 0
INVAR-9, Run: 011, P, 198, 0, 0, 0, 0
INVAR-9, Run: 012, P, 198, 0, 0, 0, 0
INVAR-9, Run: 013, P, 198, 0, 0, 0, 0
INVAR-9, Run: 014, P, 198, 0, 0, 0, 0
INVAR-9, Run: 015, P, 198, 0, 0, 0, 0
INVAR-9, Run: 016, P, 198, 0, 0, 0, 0
INVAR-9, Run: 017, P, 198, 0, 0, 0, 0
INVAR-9, Run: 018, P, 198, 0, 0, 0, 0
INVAR-9, Run: 019, P, 198, 0, 0, 0, 0
INVAR-9, Run: 020, P, 198, 0, 0, 0, 0
INVAR-9, Run: 021, P, 198, 0, 0, 0, 0
INVAR-9, Run: 022, P, 198, 0, 0, 0, 0
INVAR-9, Run: 023, P, 198, 0, 0, 0, 0
INVAR-9, Run: 024, P, 198, 0, 0, 0, 0
INVAR-9, Run: 025, P, 198, 0, 0, 0, 0
INVAR-9, Run: 026, P, 198, 0, 0, 0, 0
INVAR-9, Run: 027, P, 198, 0, 0, 0, 0
INVAR-9, Run: 028, P, 198, 0, 0, 0, 0
INVAR-9, Run: 029, P, 198, 0, 0, 0, 0
INVAR-9, Run: 030, P, 198, 0, 0, 0, 0
INVAR-9, Run: 031, P, 198, 0, 0, 0, 0
INVAR-9, Run: 032, P, 198, 0, 0, 0, 0
INVAR-9, Run: 033, P, 198, 0, 0, 0, 0
INVAR-9, Run: 034, P, 198, 0, 0, 0, 0
INVAR-9, Run: 035, P, 198, 0, 0, 0, 0
INVAR-9, Run: 036, P, 198, 0, 0, 0, 0
INVAR-9, Run: 037, P, 198, 0, 0, 0, 0
INVAR-9, Run: 038, P, 198, 0, 0, 0, 0
INVAR-9, Run: 039, P, 198, 0, 0, 0, 0
INVAR-9, Run: 040, P, 198, 0, 0, 0, 0
INVAR-9, Run: 041, P, 198, 0, 0, 0, 0
INVAR-9, Run: 042, P, 198, 0, 0, 0, 0
INVAR-9, Run: 043, P, 198, 0, 0, 0, 0
INVAR-9, Run: 044, P, 198, 0, 0, 0, 0
INVAR-9, Run: 045, P, 198, 0, 0, 0, 0
INVAR-9, Run: 046, P, 198, 0, 0, 0, 0
INVAR-9, Run: 047, P, 198, 0, 0, 0, 0
INVAR-9, Run: 048, P, 198, 0, 0, 0, 0
INVAR-9, Run: 049, P, 198, 0, 0, 0, 0
INVAR-9, Run: 050, P, 198, 0, 0, 0, 0
INVAR-9, Run: 051, P, 198, 0, 0, 0, 0
INVAR-9, Run: 052, P, 198, 0, 0, 0, 0
INVAR-9, Run: 053, P, 198, 0, 0, 0, 0
INVAR-9, Run: 054, P, 198, 0, 0, 0, 0
INVAR-9, Run: 055, P, 198, 0, 0, 0, 0
INVAR-9, Run: 056, P, 198, 0, 0, 0, 0
INVAR-9, Run: 057, P, 198, 0, 0, 0, 0
INVAR-9, Run: 058, P, 198, 0, 0, 0, 0
INVAR-9, Run: 059, P, 198, 0, 0, 0, 0
INVAR-9, Run: 060, P, 198, 0, 0, 0, 0
INVAR-9, Run: 061, P, 198, 0, 0, 0, 0
INVAR-9, Run: 062, P, 198, 0, 0, 0, 0
INVAR-9, Run: 063, P, 198, 0, 0, 0, 0
INVAR-9, Run: 064, P, 198, 0, 0, 0, 0
INVAR-9, Run: 065, P, 198, 0, 0, 0, 0
INVAR-9, Run: 066, P, 198, 0, 0, 0, 0
INVAR-9, Run: 067, P, 198, 0, 0, 0, 0
INVAR-9, Run: 068, P, 198, 0, 0, 0, 0
INVAR-9, Run: 069, P, 198, 0, 0, 0, 0
INVAR-9, Run: 070, P, 198, 0, 0, 0, 0
INVAR-9, Run: 071, P, 198, 0, 0, 0, 0
INVAR-9, Run: 072, P, 198, 0, 0, 0, 0
INVAR-9, Run: 073, P, 198, 0, 0, 0, 0
INVAR-9, Run: 074, P, 198, 0, 0, 0, 0
INVAR-9, Run: 075, P, 198, 0, 0, 0, 0
INVAR-9, Run: 076, P, 198, 0, 0, 0, 0
INVAR-9, Run: 077, P, 198, 0, 0, 0, 0
INVAR-9, Run: 078, P, 198, 0, 0, 0, 0
INVAR-9, Run: 079, P, 198, 0, 0, 0, 0
INVAR-9, Run: 080, P, 198, 0, 0, 0, 0
INVAR-9, Run: 081, P, 198, 0, 0, 0, 0
INVAR-9, Run: 082, P, 198, 0, 0, 0, 0
INVAR-9, Run: 083, P, 198, 0, 0, 0, 0
INVAR-9, Run: 084, P, 198, 0, 0, 0, 0
INVAR-9, Run: 085, P, 198, 0, 0, 0, 0
INVAR-9, Run: 086, P, 198, 0, 0, 0, 0
INVAR-9, Run: 087, P, 198, 0, 0, 0, 0
INVAR-9, Run: 088, P, 198, 0, 0, 0, 0
INVAR-9, Run: 089, P, 198, 0, 0, 0, 0
INVAR-9, Run: 090, P, 198, 0, 0, 0, 0
INVAR-9, Run: 091, P, 198, 0, 0, 0, 0
INVAR-9, Run: 092, P, 198, 0, 0, 0, 0
INVAR-9, Run: 093, P, 198, 0, 0, 0, 0
INVAR-9, Run: 094, P, 198, 0, 0, 0, 0
INVAR-9, Run: 095, P, 198, 0, 0, 0, 0
INVAR-9, Run: 096, P, 198, 0, 0, 0, 0
INVAR-9, Run: 097, P, 198, 0, 0, 0, 0
INVAR-9, Run: 098, P, 198, 0, 0, 0, 0
INVAR-9, Run: 099, P, 198, 0, 0, 0, 0
INVAR-9, Run: 100, P, 198, 0, 0, 0, 0
